0,-1362805.313021906,-0.92,,1,4,4,4,1,393.58360655737704,397.2749140893471,439.91637630662024,457.92483660130716,598.8339222614841,305.0,291.0,287.0,306.0,283.0,392.4688524590164,396.18213058419246,438.89895470383277,456.9052287581699,501.88339222614843,
0,-1417275.6627975968,-0.9175,,3,0,3,3,3,393.34948096885813,399.2880258899676,437.2866894197952,457.43548387096774,500.87947882736154,289.0,309.0,293.0,310.0,307.0,392.1695501730104,398.2071197411003,436.1808873720137,456.43548387096774,499.8762214983713,
1,-1326246.5616824934,-0.91875,,1,4,2,0,0,395.2842465753425,398.6611842105263,440.2689655172414,550.7692307692307,685.2919708029198,292.0,304.0,290.0,286.0,274.0,393.04794520547944,397.57236842105266,439.2344827586207,455.2412587412587,623.014598540146,
1,-1270104.442784708,-0.92,,4,3,3,6,3,394.73737373737373,397.6267605633803,438.75250836120404,460.4459930313589,504.08474576271186,297.0,284.0,299.0,287.0,295.0,393.56902356902356,396.46478873239437,437.70234113712377,459.411149825784,503.0440677966102,
1,-1392597.677662778,-0.91,,4,3,0,3,3,392.3132911392405,396.1593220338983,436.3186440677966,458.13758389261744,499.01785714285717,316.0,295.0,295.0,298.0,280.0,391.09493670886076,395.0542372881356,435.2915254237288,457.1140939597315,498.01785714285717,
1,-1391520.2598945294,-0.9175,,0,3,4,5,3,393.52707581227435,397.9309309309309,436.28246753246754,457.61538461538464,503.86941580756013,277.0,333.0,308.0,286.0,291.0,392.4476534296029,396.8048048048048,435.2564935064935,456.6118881118881,502.86941580756013,
1,-1393556.1018106062,-0.90125,,5,3,0,3,3,393.55254237288136,397.4918566775244,439.8257839721254,459.7828947368421,502.218954248366,295.0,307.0,287.0,304.0,306.0,392.4271186440678,396.40390879478826,438.74216027874564,458.7730263157895,501.218954248366,
2,-1390284.3347525103,-0.91625,,1,4,4,2,2,393.8306709265176,397.32615384615383,437.3320895522388,457.61774744027304,503.291095890411,313.0,325.0,268.0,293.0,292.0,392.65814696485626,396.1353846153846,436.27985074626866,456.59726962457336,502.291095890411,
2,-1353374.6811528718,-0.9175,,2,4,2,4,2,392.5652173913044,397.04620462046205,439.56944444444446,458.44897959183675,501.3664383561644,276.0,303.0,288.0,294.0,292.0,391.42028985507244,395.8877887788779,438.5104166666667,457.4353741496599,500.3664383561644,
2,-1391976.5087730936,-0.89875,,1,3,4,4,0,393.60855263157896,397.86054421768705,441.33916083916085,457.59424920127793,607.9078947368421,304.0,294.0,286.0,313.0,304.0,392.4769736842105,396.71768707482994,440.2762237762238,456.5878594249201,498.8125,
3,-1376972.4535482847,-0.915,,4,3,5,2,0,392.6867088607595,397.8344155844156,435.21830985915494,457.66996699669966,498.8753894080997,316.0,308.0,284.0,303.0,321.0,391.503164556962,396.7305194805195,434.1619718309859,456.65676567656766,497.86915887850466,
3,-1381935.6501158504,-0.91,,1,3,4,3,3,394.05919003115264,398.1866197183099,435.8478260869565,457.5845070422535,502.8267973856209,321.0,284.0,276.0,284.0,306.0,392.8722741433022,397.00704225352115,434.77536231884056,456.5845070422535,501.7908496732026,
3,-1386815.0732454837,-0.905,,0,3,4,2,3,392.7104377104377,398.3097643097643,436.77358490566036,458.2509225092251,504.2211221122112,297.0,297.0,318.0,271.0,303.0,391.5858585858586,397.2390572390572,435.7327044025157,457.21771217712177,503.2211221122112,
3,-1325014.0907051114,-0.9175,,1,5,4,4,1,393.39930555555554,397.7306397306397,437.39935064935065,457.961937716263,586.0196078431372,288.0,297.0,308.0,289.0,255.0,392.25694444444446,396.67676767676767,436.3961038961039,456.86851211072667,496.69803921568626,
4,-1371446.1082846674,-0.9125,,1,3,4,2,3,394.42105263157896,397.3135313531353,441.42105263157896,457.91346153846155,504.9482200647249,285.0,303.0,285.0,312.0,309.0,393.3017543859649,396.19471947194717,440.35087719298247,456.8942307692308,503.9482200647249,
4,-1348947.0094682605,-0.91375,,1,3,0,3,3,394.52351097178683,398.23569023569024,539.2413793103449,459.1575342465753,506.0811808118081,319.0,297.0,290.0,292.0,271.0,393.4514106583072,397.1077441077441,441.4689655172414,458.1575342465753,505.0811808118081,
4,-1345946.787256804,-0.915,,1,4,1,4,2,393.9263157894737,399.0793103448276,522.1567944250871,457.26332288401255,503.5655172413793,285.0,290.0,287.0,319.0,290.0,392.6877192982456,397.95862068965516,439.6864111498258,456.26332288401255,502.5586206896552,
4,-1374409.2330319828,-0.9075,,1,4,5,3,3,393.344262295082,398.951768488746,438.8374558303887,459.5369774919614,504.8972602739726,305.0,311.0,283.0,311.0,292.0,392.0983606557377,397.90675241157555,437.80212014134275,458.5337620578778,503.8972602739726,
4,-1380142.0646528057,-0.905,,0,2,3,3,3,394.6756756756757,398.01290322580644,436.6860841423948,458.14335664335664,501.443661971831,296.0,310.0,309.0,286.0,284.0,393.5371621621622,396.90645161290325,435.62783171521033,457.1363636363636,500.443661971831,
4,-1301232.1712006452,-0.91625,,4,3,4,2,2,393.02127659574467,397.8086642599278,438.7238095238095,455.68150684931504,502.5431654676259,282.0,277.0,315.0,292.0,278.0,391.78014184397165,396.7003610108303,437.6666666666667,454.6575342465753,501.5431654676259,
5,-1364576.676639926,-0.91125,,2,3,3,3,3,394.19795221843003,397.75694444444446,439.2712418300654,459.24666666666667,505.2871621621622,293.0,288.0,306.0,300.0,296.0,393.061433447099,396.61805555555554,438.2549019607843,458.2,504.2871621621622,
5,-1363324.7753716959,-0.9125,,1,3,4,2,2,394.472602739726,396.5623003194888,438.9266666666667,457.42198581560285,500.82068965517243,292.0,313.0,300.0,282.0,290.0,393.277397260274,395.4121405750799,437.85,456.42198581560285,499.82068965517243,
5,-1368217.7950950852,-0.91,,3,3,0,3,3,393.80286738351253,399.1777777777778,436.67721518987344,457.70068027210885,503.9872611464968,279.0,270.0,316.0,294.0,314.0,392.7168458781362,398.06296296296296,435.6518987341772,456.687074829932,502.9872611464968,
5,-1330104.8073691193,-0.915,,5,2,2,4,2,394.4355400696864,398.08247422680415,438.8166089965398,456.87719298245617,503.740614334471,287.0,291.0,289.0,285.0,293.0,393.2787456445993,397.0034364261168,437.7647058823529,455.8666666666667,502.740614334471,
5,-1340389.0117832944,-0.91375,,4,2,6,3,3,393.07766990291265,397.2893890675241,440.05944055944053,459.4557823129252,507.2993421052632,309.0,311.0,286.0,294.0,304.0,391.8802588996764,396.2122186495177,439.05594405594405,458.4557823129252,506.25657894736844,
5,-1378448.9590088583,-0.9,,4,1,5,2,0,393.4036697247706,397.5993031358885,436.9688581314879,457.6480263157895,598.8162544169611,327.0,287.0,289.0,304.0,283.0,392.2599388379205,396.4912891986063,435.961937716263,456.6480263157895,504.01413427561835,
5,-1368744.9249155053,-0.9025,,4,1,5,4,0,392.6297577854671,398.52901023890786,437.6585365853659,457.9313725490196,595.688524590164,289.0,293.0,287.0,306.0,305.0,391.4948096885813,397.481228668942,436.59581881533103,456.92483660130716,501.7409836065574,
5,-1287955.3050624544,-0.91625,,2,0,1,3,5,394.35335689045934,397.32107023411373,538.4139072847682,457.5944055944056,500.01418439716315,283.0,299.0,302.0,286.0,282.0,393.24028268551234,396.2173913043478,436.8774834437086,456.56643356643355,498.98581560283685,
6,-1359882.6651647773,-0.9125,,2,3,4,2,3,393.2668810289389,396.9161073825503,437.81597222222223,459.3333333333333,506.89169675090255,311.0,298.0,288.0,315.0,277.0,392.15434083601286,395.755033557047,436.75,458.3142857142857,505.89169675090255,
6,-1366173.1822183146,-0.9075,,4,1,5,4,2,394.5904761904762,398.580204778157,438.95409836065573,459.0858085808581,505.0280701754386,315.0,293.0,305.0,303.0,285.0,393.4952380952381,397.518771331058,437.88196721311476,458.0858085808581,504.0280701754386,
6,-1360852.4386998808,-0.91,,0,3,4,1,2,393.76430976430976,398.64356435643566,438.3859060402685,567.6237288135593,501.08196721311475,297.0,303.0,298.0,295.0,305.0,392.6228956228956,397.54785478547853,437.3691275167785,457.9559322033898,500.08196721311475,
6,-1363372.6632197024,-0.90875,,0,5,4,4,2,393.86170212765956,398.68531468531467,439.435736677116,458.1766666666667,505.4247491638796,282.0,286.0,319.0,300.0,299.0,392.77659574468083,397.59090909090907,438.3949843260188,457.1766666666667,504.4247491638796,
6,-1320707.2317801255,-0.915,,5,3,4,0,5,393.5819397993311,398.6743421052632,439.2214983713355,458.3044982698962,504.12142857142857,299.0,304.0,307.0,289.0,280.0,392.3645484949833,397.58223684210526,438.1302931596091,457.29411764705884,503.12142857142857,
6,-1373447.8658824512,-0.9,,5,2,2,3,4,394.07936507936506,399.1981707317073,439.62152777777777,458.4187725631769,501.4646464646465,315.0,328.0,288.0,277.0,297.0,392.9269841269841,398.1585365853659,438.52430555555554,457.37906137184115,500.4410774410774,
6,-1281510.0048353504,-0.91625,,0,1,2,6,5,393.99328859060404,491.26984126984127,440.96180555555554,458.18243243243245,503.8371335504886,298.0,315.0,288.0,296.0,307.0,392.8020134228188,397.22857142857146,439.9548611111111,457.14864864864865,502.8371335504886,
7,-1354225.1006699523,-0.91125,,5,4,1,1,1,394.0974842767296,399.7043795620438,439.1862745098039,561.156146179402,641.6722972972973,318.0,274.0,306.0,301.0,296.0,392.95283018867923,398.59124087591243,438.1470588235294,459.80730897009965,501.8581081081081,
7,-1333962.2690351966,-0.9125,,1,3,4,0,5,394.1782178217822,398.12541254125415,437.2120141342756,560.3636363636364,502.7864406779661,303.0,303.0,283.0,286.0,295.0,393.042904290429,397.07260726072604,436.1696113074205,456.15734265734267,501.7864406779661,
7,-1364726.1075060205,-0.90125,,2,5,4,0,3,394.74444444444447,398.40645161290325,439.1237785016287,455.9688581314879,506.5078864353312,270.0,310.0,307.0,289.0,317.0,393.64814814814815,397.3225806451613,438.1009771986971,454.92387543252596,505.5078864353312,
7,-1354869.5333513916,-0.91,,1,5,4,2,3,392.18243243243245,397.7525773195876,438.10738255033556,457.9662162162162,506.3645833333333,296.0,291.0,298.0,296.0,288.0,390.9189189189189,396.70103092783506,437.06375838926175,456.9662162162162,505.3576388888889,
7,-1359079.5239040041,-0.9075,,3,5,4,3,3,393.2124183006536,397.4451827242525,437.57377049180326,457.59797297297297,502.80333333333334,306.0,301.0,305.0,296.0,300.0,392.1666666666667,396.37541528239205,436.57377049180326,456.5844594594595,501.80333333333334,
7,-1317795.4582517592,-0.915,,2,5,4,0,2,393.92605633802816,397.9112627986348,440.5311475409836,458.48070175438596,504.99264705882354,284.0,293.0,305.0,285.0,272.0,392.7535211267606,396.7952218430034,439.5311475409836,457.48070175438596,503.9852941176471,
8,-1347389.6621944802,-0.91125,,1,6,2,3,3,392.92123287671234,396.7658862876254,438.56418918918916,458.1973244147157,501.6872852233677,292.0,299.0,296.0,299.0,291.0,391.60616438356163,395.72240802675583,437.5,457.1638795986622,500.6872852233677,
8,-1332270.0897155053,-0.9125,,1,3,4,1,1,392.59027777777777,397.5430463576159,438.51020408163265,571.8910891089109,647.2296819787986,288.0,302.0,294.0,303.0,283.0,391.44097222222223,396.46026490066225,437.51020408163265,458.90429042904293,498.4416961130742,
8,-1364479.621702439,-0.89875,,2,3,4,4,2,393.94306049822063,397.4370860927152,435.85669781931466,456.9592476489028,505.5071942446043,281.0,302.0,321.0,319.0,278.0,392.8113879003559,396.29801324503313,434.809968847352,455.9592476489028,504.5071942446043,
8,-1358299.791960606,-0.90625,,4,3,3,3,3,392.81931464174454,397.7808219178082,439.7873754152824,459.23202614379085,504.8166089965398,321.0,292.0,301.0,306.0,289.0,391.6978193146417,396.6986301369863,438.72757475083057,458.23202614379085,503.8166089965398,
8,-1358705.3150910856,-0.90375,,3,0,4,4,1,394.93906810035844,398.41987179487177,437.7766323024055,456.6143344709898,610.4948453608248,279.0,312.0,291.0,293.0,291.0,393.80286738351253,397.29487179487177,436.7147766323024,455.58361774744026,501.6048109965636,
8,-1270374.3538988614,-0.915,,2,5,4,6,2,393.6372881355932,397.54676258992805,437.61889250814335,456.2366666666667,501.662962962963,295.0,278.0,307.0,300.0,270.0,392.49830508474577,396.46762589928056,436.5732899022801,455.21666666666664,500.662962962963,
8,-1291920.1553265573,-0.91375,,3,5,4,3,2,393.57654723127035,398.54212454212455,437.52364864864865,458.07924528301885,502.7383177570093,307.0,273.0,296.0,265.0,321.0,392.3452768729642,397.42124542124543,436.2939189189189,457.07169811320756,501.7383177570093,
9,-1362255.834219828,-0.89625,,0,2,4,2,3,393.81333333333333,398.06802721088434,437.97712418300654,458.51186440677964,503.7282229965157,300.0,294.0,306.0,295.0,287.0,392.7133333333333,396.9149659863946,436.9640522875817,457.51186440677964,502.7212543554007,
9,-1283635.1631929562,-0.91375,,0,5,4,0,6,395.16610169491526,396.9486301369863,436.5361842105263,585.2577639751553,502.97173144876325,295.0,292.0,304.0,322.0,283.0,392.7016949152542,395.8253424657534,435.5361842105263,569.1770186335403,501.97173144876325,
