0,-1787316.515350661,-0.925,,0,5,6,1,1,394.0878378378378,397.5934426229508,439.75632911392404,457.2908496732026,521.1573770491804,296.0,305.0,316.0,306.0,305.0,392.9189189189189,396.44262295081967,438.7088607594937,456.26143790849676,505.4032786885246,
1,-1771172.3095284812,-0.915,,4,1,6,4,6,392.9364548494983,397.3693379790941,436.944099378882,457.13235294117646,500.49840255591056,299.0,287.0,322.0,272.0,313.0,391.7993311036789,396.2717770034843,435.8695652173913,456.1029411764706,499.47923322683704,
1,-1737967.539004433,-0.9175,,6,0,2,3,6,392.98,396.24354243542433,435.89297658862876,458.33226837060704,506.72964169381106,300.0,271.0,299.0,313.0,307.0,391.82666666666665,395.1107011070111,434.8695652173913,457.33226837060704,505.72964169381106,
1,-1771172.3095284812,-0.915,,4,1,6,4,6,394.3081967213115,398.8607594936709,440.32167832167835,458.96026490066225,504.89274447949526,305.0,316.0,286.0,302.0,317.0,393.2065573770492,397.80696202531647,439.2762237762238,457.9172185430464,503.87697160883283,
2,-1706205.207823237,-0.915625,,5,3,4,0,4,393.53264604810994,396.90812720848055,439.5993377483444,458.2922535211268,500.50485436893206,291.0,283.0,302.0,284.0,309.0,392.31615120274915,395.82685512367493,438.5860927152318,457.25704225352115,499.50485436893206,
2,-1757219.810629123,-0.913125,,2,6,1,5,4,394.1162790697674,397.4964788732394,438.75694444444446,458.52430555555554,498.7749196141479,301.0,284.0,288.0,288.0,311.0,392.95681063122925,396.3943661971831,437.68055555555554,457.4895833333333,497.7459807073955,
3,-1704470.5931211126,-0.9143749999999999,,4,4,3,4,6,393.7849829351536,397.8922558922559,437.0098360655738,456.96958174904944,505.0103092783505,293.0,297.0,305.0,263.0,291.0,392.67576791808875,396.7676767676768,435.9377049180328,455.9619771863118,504.0103092783505,
3,-1705656.9488415965,-0.9140625,,5,3,4,0,4,395.1830985915493,397.3692810457516,437.2169491525424,457.6280701754386,500.94256756756755,284.0,306.0,295.0,285.0,296.0,394.02464788732397,396.23202614379085,436.16610169491526,456.5649122807018,499.94256756756755,
3,-1665049.4388054116,-0.915,,6,5,3,1,5,394.1498257839721,397.28,435.6136363636364,456.33451957295375,502.6294964028777,287.0,275.0,308.0,281.0,278.0,392.9581881533101,396.2072727272727,434.5487012987013,455.3131672597865,501.6151079136691,
3,-1752285.4349375651,-0.91125,,2,3,5,0,5,394.3964912280702,398.7492163009404,434.6996699669967,458.4266211604096,502.74834437086093,285.0,319.0,303.0,293.0,302.0,393.2631578947368,397.73040752351096,433.6732673267327,457.3993174061433,501.74834437086093,
4,-1698073.9744184273,-0.9140625,,4,4,3,4,6,393.0530035335689,397.05190311418687,437.61805555555554,456.5943396226415,501.3723404255319,283.0,289.0,288.0,318.0,282.0,391.87632508833923,395.86851211072667,436.5486111111111,455.5880503144654,500.3723404255319,
4,-1701042.8853389479,-0.91375,,2,3,3,1,5,393.26962457337885,397.91582491582494,437.38028169014086,458.7113402061856,503.3142857142857,293.0,297.0,284.0,291.0,315.0,392.08191126279866,396.8787878787879,436.3274647887324,457.6872852233677,502.3142857142857,
4,-1739822.7918391149,-0.9075,,0,2,6,0,4,393.5448028673835,396.3355263157895,438.3592233009709,458.1254019292605,505.8304498269896,279.0,304.0,309.0,311.0,289.0,392.4659498207885,395.1907894736842,437.3495145631068,457.112540192926,504.8304498269896,
4,-1744119.0802798579,-0.90375,,6,0,5,1,4,392.82374100719426,396.93046357615896,437.0567375886525,457.29595015576325,503.73597359735976,278.0,302.0,282.0,321.0,303.0,391.59712230215825,395.8112582781457,436.00354609929076,456.29595015576325,502.7161716171617,
4,-1737956.5213985685,-0.9112499999999999,,6,3,5,0,5,392.996875,397.7450331125828,436.5934426229508,459.2421052631579,506.22591362126246,320.0,302.0,305.0,285.0,301.0,391.834375,396.62582781456956,435.4754098360656,458.2421052631579,505.22591362126246,
4,-1710301.8057361832,-0.91125,,0,4,1,3,4,393.83934426229507,397.56944444444446,437.0894568690096,459.59027777777777,502.8458781362007,305.0,288.0,313.0,288.0,279.0,392.6885245901639,396.40625,436.0223642172524,458.55902777777777,501.8458781362007,
4,-1747963.8425491697,-0.9,,5,1,6,2,0,393.475884244373,397.96028880866425,439.73015873015873,458.0646258503401,504.78387096774196,311.0,277.0,315.0,294.0,310.0,392.39228295819936,396.9097472924188,438.7206349206349,457.0238095238095,503.7806451612903,
5,-1700072.397214617,-0.91375,,1,4,3,1,5,393.9266666666667,397.5508196721311,438.3,459.30564784053155,504.5326797385621,300.0,305.0,300.0,301.0,306.0,392.76666666666665,396.4754098360656,437.24666666666667,458.265780730897,503.5065359477124,
5,-1740050.473765552,-0.903125,,0,3,5,0,4,392.9783281733746,398.2589928057554,436.81694915254235,459.1498371335505,505.7524429967427,323.0,278.0,295.0,307.0,307.0,391.8235294117647,397.14028776978415,435.8135593220339,458.1498371335505,504.7524429967427,
5,-1731219.4305115652,-0.909375,,5,1,6,6,4,393.546925566343,398.294670846395,438.4276094276094,459.6859205776173,501.94055944055947,309.0,319.0,297.0,277.0,286.0,392.2588996763754,397.2413793103448,437.41750841750843,458.6317689530686,500.94055944055947,
5,-1725707.0896920203,-0.9112499999999999,,6,3,5,0,5,394.2891986062718,398.79359430604984,437.51582278481015,457.72563176895306,503.9258064516129,287.0,281.0,316.0,277.0,310.0,393.1498257839721,397.6868327402135,436.4240506329114,456.72563176895306,502.9258064516129,
5,-1733349.8123485672,-0.9075,,0,2,1,2,4,392.5464285714286,397.7656765676568,439.3488372093023,458.3876923076923,505.74675324675326,280.0,303.0,301.0,325.0,308.0,391.375,396.6666666666667,438.3421926910299,457.3446153846154,504.74675324675326,
5,-1733883.83181801,-0.90515625,,6,0,1,5,4,393.3115264797508,398.0989399293286,442.0133333333333,455.24825174825173,504.05190311418687,321.0,283.0,300.0,286.0,289.0,392.1619937694704,397.01413427561835,440.99,454.2412587412587,503.05190311418687,
5,-1746655.9349915457,-0.894375,,0,4,3,1,5,392.578073089701,397.9966216216216,441.8745644599303,459.44097222222223,504.24149659863946,301.0,296.0,287.0,288.0,294.0,391.50830564784053,396.9087837837838,440.808362369338,458.4236111111111,503.2108843537415,
5,-1741284.4662498469,-0.8999999999999999,,6,5,5,0,2,392.9751773049645,397.9589905362776,437.50461538461536,458.1048689138577,500.20394736842104,282.0,317.0,325.0,267.0,304.0,391.7482269503546,396.7981072555205,436.4646153846154,457.1048689138577,499.20394736842104,
6,-1687494.022818787,-0.91125,,0,4,5,1,5,394.5871886120996,396.21660649819495,438.573883161512,455.8504983388704,501.74247491638795,281.0,277.0,291.0,301.0,299.0,393.5409252669039,395.1191335740072,437.55670103092785,454.8405315614618,500.72909698996654,
6,-1735783.5546536022,-0.901875,,6,0,1,5,4,393.39473684210526,396.92255892255895,439.0133333333333,456.3692307692308,501.8686868686869,304.0,297.0,300.0,260.0,297.0,392.2203947368421,395.8552188552189,437.94666666666666,455.2653846153846,500.8686868686869,
6,-1735825.3483778578,-0.9015625,,6,0,1,5,4,393.7922535211268,397.18333333333334,438.87666666666667,457.3809523809524,501.41584158415844,284.0,300.0,300.0,294.0,303.0,392.60915492957747,396.01,437.79333333333335,456.3809523809524,500.41584158415844,
6,-1718723.4769851663,-0.9104687499999999,,5,2,6,0,4,392.8538205980066,397.5373665480427,438.8070175438597,457.10223642172525,504.46048109965636,301.0,281.0,285.0,313.0,291.0,391.69435215946845,396.4982206405694,437.8,456.0894568690096,503.44329896907215,
6,-1708299.7304652652,-0.910625,,0,3,5,3,3,394.8095238095238,398.48813559322036,439.4195804195804,457.7371794871795,501.8536585365854,294.0,295.0,286.0,312.0,287.0,393.61224489795916,397.43389830508477,438.3356643356643,456.71153846153845,500.8432055749129,
6,-1721295.9019963227,-0.90625,,1,5,4,0,5,394.319587628866,398.45238095238096,440.7123745819398,458.9381443298969,502.19741100323625,291.0,294.0,299.0,291.0,309.0,393.1443298969072,397.33673469387753,439.6655518394649,457.93127147766324,501.19417475728153,
6,-1721429.0811245076,-0.9025000000000001,,1,5,5,0,4,393.41319444444446,396.5165562913907,438.69675090252707,457.251677852349,500.23859649122807,288.0,302.0,277.0,298.0,285.0,392.22222222222223,395.38079470198676,437.6606498194946,456.251677852349,499.23859649122807,
6,-1739317.4432985357,-0.8968750000000001,,0,6,3,1,4,393.82876712328766,398.0769230769231,439.4375,458.42605633802816,508.83653846153845,292.0,299.0,304.0,284.0,312.0,392.56849315068496,396.9866220735786,438.3453947368421,457.40845070422534,507.83653846153845,
6,-1738411.0993473409,-0.8975,,4,2,5,1,4,393.36700336700335,398.1258064516129,440.0298013245033,459.6840390879479,508.1111111111111,297.0,310.0,302.0,307.0,270.0,392.19191919191917,397.0774193548387,438.9569536423841,458.6644951140065,507.10370370370373,
7,-1734890.8274126614,-0.900625,,5,5,0,5,4,393.2931596091205,396.4375,440.4553846153846,458.41533546325877,505.4327868852459,307.0,288.0,325.0,313.0,305.0,392.1335504885993,395.36805555555554,439.39384615384614,457.3897763578275,504.4327868852459,
7,-1734890.8274126614,-0.900625,,5,5,0,5,4,393.7939189189189,398.35064935064935,438.5350553505535,459.975,500.514598540146,296.0,308.0,271.0,280.0,274.0,392.64864864864865,397.2694805194805,437.4206642066421,458.9035714285714,499.514598540146,
7,-1728683.66522594,-0.90125,,4,5,6,1,1,394.09491525423726,397.859649122807,435.48474576271184,458.3321917808219,500.87147335423197,295.0,285.0,295.0,292.0,319.0,393.03050847457627,396.7684210526316,434.48135593220337,457.3321917808219,499.8652037617555,
7,-1710124.0075077363,-0.9104687499999999,,1,5,5,0,1,394.18150684931504,399.19417475728153,438.7435064935065,457.5121107266436,519.5830508474576,292.0,309.0,308.0,289.0,295.0,393.027397260274,398.15210355987057,437.70454545454544,456.48442906574394,502.39322033898304,
7,-1716238.0053775944,-0.90875,,6,6,1,2,4,393.2895622895623,398.6363636363636,440.3369963369963,457.6622516556291,509.15625,297.0,286.0,273.0,302.0,288.0,392.0976430976431,397.5944055944056,439.27106227106225,456.6158940397351,508.12152777777777,
7,-1703337.5293387272,-0.910625,,6,6,1,2,4,393.8149466192171,397.8344155844156,440.9895833333333,456.16883116883116,504.1818181818182,281.0,308.0,288.0,308.0,319.0,392.65836298932385,396.75324675324674,439.9583333333333,455.16883116883116,503.1818181818182,
7,-1703337.5293387272,-0.910625,,6,6,1,2,4,393.75,397.885993485342,437.4108280254777,457.52919708029196,499.8529411764706,276.0,307.0,314.0,274.0,272.0,392.5869565217391,396.84364820846906,436.29936305732485,456.52919708029196,498.8529411764706,
7,-1720877.4267176595,-0.9044140625,,5,3,5,1,4,394.09698996655516,398.6363636363636,438.36082474226805,459.4887459807074,502.6644951140065,299.0,286.0,291.0,311.0,307.0,392.9464882943144,397.52097902097904,437.36082474226805,458.459807073955,501.6644951140065,
7,-1736820.1567458985,-0.8975,,5,6,5,0,5,394.6955017301038,397.8471337579618,439.43686006825936,458.2057761732852,501.9968152866242,289.0,314.0,293.0,277.0,314.0,393.5916955017301,396.7356687898089,438.3651877133106,457.1841155234657,500.9968152866242,
8,-1728874.2800040215,-0.9,,5,5,3,1,5,393.2772277227723,396.53003533568904,438.95409836065573,455.5890410958904,503.251677852349,303.0,283.0,305.0,292.0,298.0,392.1419141914191,395.4593639575972,437.87540983606556,454.55479452054794,502.251677852349,
8,-1708124.978628907,-0.9103125,,5,3,5,1,4,394.3095238095238,398.2903225806452,439.14285714285717,458.9507042253521,502.2539184952978,294.0,310.0,280.0,284.0,319.0,393.23809523809524,397.15806451612906,438.11071428571427,457.9366197183099,501.2539184952978,
8,-1708958.1886989016,-0.91,,5,3,4,5,2,394.6829268292683,398.28476821192055,440.190635451505,458.455737704918,508.3741496598639,287.0,302.0,299.0,305.0,294.0,393.58188153310107,397.1754966887417,439.1471571906354,457.4393442622951,507.3741496598639,
8,-1715130.201228512,-0.90671875,,2,6,1,5,4,393.40909090909093,396.68027210884355,438.95862068965516,458.68896321070235,506.8360655737705,286.0,294.0,290.0,299.0,305.0,392.3076923076923,395.53401360544217,437.95862068965516,457.6655518394649,505.8360655737705,
8,-1713512.7866021185,-0.90875,,5,2,5,0,4,393.6938110749186,396.8780487804878,438.99649122807017,455.825,504.42394822006474,307.0,287.0,285.0,280.0,309.0,392.5081433224756,395.8397212543554,437.9824561403509,454.7892857142857,503.42394822006474,
8,-1734235.1629835747,-0.89625,,4,1,6,0,5,395.1164383561644,397.35172413793106,439.35640138408303,458.2880258899676,504.8774193548387,292.0,290.0,289.0,309.0,310.0,393.9931506849315,396.30689655172415,438.2871972318339,457.2588996763754,503.8677419354839,
9,-1709982.4529933112,-0.90875,,6,5,2,1,1,393.8150684931507,397.5507246376812,437.1868131868132,458.66265060240966,506.65396825396823,292.0,276.0,273.0,332.0,315.0,392.64383561643837,396.4492753623188,436.1208791208791,457.6566265060241,505.65396825396823,
