0,-1635029.1210412523,-0.9125,,1,1,6,1,2,393.7916666666667,397.030303030303,438.7859531772575,483.1328413284133,500.687306501548,312.0,297.0,299.0,271.0,323.0,392.6474358974359,395.94612794612794,437.75585284280936,457.04428044280445,499.687306501548,
0,-1642875.2488447344,-0.911875,,2,2,1,2,2,394.5729537366548,397.9896907216495,438.9117647058824,460.875,506.8501742160279,281.0,291.0,306.0,296.0,287.0,393.48042704626334,396.87972508591065,437.87581699346407,459.875,505.8501742160279,
0,-1669683.1717981375,-0.90375,,2,1,2,0,2,394.0524475524476,398.17088607594934,442.2138157894737,459.2797427652733,508.51929824561404,286.0,316.0,304.0,311.0,285.0,393.03146853146853,397.0759493670886,441.1907894736842,458.2475884244373,507.51929824561404,
0,-1651066.663469059,-0.9075,,0,2,1,2,2,394.4020979020979,398.1508771929825,434.5448028673835,457.07911392405066,502.95076923076925,286.0,285.0,279.0,316.0,325.0,393.2867132867133,397.0421052631579,433.47670250896056,456.07278481012656,501.95076923076925,
0,-1660983.12953497,-0.905,,1,0,2,0,0,392.746875,398.5493421052632,439.93728222996515,492.2244897959184,564.0714285714286,320.0,304.0,287.0,294.0,294.0,391.50625,397.20723684210526,438.9303135888502,457.70068027210885,540.2755102040817,
0,-1643249.4322332612,-0.91125,,1,0,4,1,3,394.5960264900662,398.0976430976431,437.8754208754209,485.67218543046357,503.84265734265733,302.0,297.0,297.0,302.0,286.0,393.4834437086093,397.04040404040404,436.81481481481484,459.07284768211923,502.84265734265733,
0,-1603726.6520967295,-0.9175,,1,3,3,1,2,393.0731707317073,398.2431506849315,435.2822299651568,457.79003558718864,502.02341137123744,287.0,292.0,287.0,281.0,299.0,391.86062717770034,397.16438356164383,434.23344947735194,456.7864768683274,501.02341137123744,
0,-1615616.7473345627,-0.9137500000000001,,2,5,2,4,3,394.0976430976431,397.38225255972696,439.4355828220859,458.5,507.6913183279743,297.0,293.0,326.0,270.0,311.0,392.85185185185185,396.32423208191125,438.37423312883436,457.47777777777776,506.6913183279743,
0,-1680849.024936429,-0.9,,1,2,1,3,3,394.5144694533762,398.87543252595157,439.85714285714283,458.72549019607845,508.59655172413795,311.0,289.0,315.0,306.0,290.0,393.32797427652736,397.87543252595157,438.8222222222222,457.72549019607845,507.59655172413795,
0,-1659638.0923884243,-0.90625,,1,0,3,0,2,393.8456375838926,398.4295532646048,441.1291390728477,486.44444444444446,508.51006711409394,298.0,291.0,302.0,297.0,298.0,392.69127516778525,397.35738831615123,440.0794701986755,458.1212121212121,507.51006711409394,
0,-1540097.835232564,-0.92375,,6,0,5,2,4,393.5839160839161,398.8111888111888,440.9644128113879,458.2704402515723,507.18461538461537,286.0,286.0,281.0,318.0,325.0,392.458041958042,397.63286713286715,439.9572953736655,457.2201257861635,506.18461538461537,
1,-1640063.4190106154,-0.911875,,0,0,0,2,0,392.7132352941176,398.6554054054054,461.234693877551,457.92088607594934,573.4874551971326,272.0,296.0,294.0,316.0,279.0,391.4375,397.10472972972974,456.02721088435374,456.8987341772152,564.820788530466,
1,-1661203.8360485244,-0.900625,,0,1,4,1,2,394.2094594594595,397.7019230769231,443.30742049469967,485.1779935275081,499.2027027027027,296.0,312.0,283.0,309.0,296.0,393.1283783783784,396.63461538461536,442.2756183745583,456.9255663430421,498.1722972972973,
1,-1601657.6968110777,-0.9156249999999999,,1,4,2,0,2,393.2810218978102,397.60409556313994,437.3900709219858,458.84789644012943,504.86545454545455,274.0,293.0,282.0,309.0,275.0,392.1021897810219,396.4607508532423,436.3049645390071,457.80906148867314,503.86545454545455,
1,-1678270.8025809135,-0.9,,1,1,1,1,2,394.11692307692306,398.2132867132867,463.7133550488599,527.8552188552188,511.4155405405405,325.0,286.0,307.0,297.0,296.0,392.99384615384616,397.1188811188811,438.85342019543975,459.35016835016836,510.4155405405405,
1,-1648638.6738322922,-0.9056249999999999,,1,2,2,0,2,392.78025477707007,397.625,440.2913907284768,460.2977941176471,506.729537366548,314.0,288.0,302.0,272.0,281.0,391.45859872611464,396.59375,439.2913907284768,459.2867647058824,505.729537366548,
1,-1644474.342230221,-0.90625,,0,2,1,0,0,394.07241379310346,397.35855263157896,437.3189368770764,486.8154362416107,569.457627118644,290.0,304.0,301.0,298.0,295.0,392.8379310344828,396.26973684210526,436.2691029900332,457.5234899328859,540.4338983050848,
1,-1655121.1480406364,-0.904375,,0,0,1,0,2,393.6938110749186,398.25762711864405,463.48972602739724,521.9358108108108,504.8135593220339,307.0,295.0,292.0,296.0,295.0,392.57654723127035,397.06779661016947,437.55479452054794,488.15202702702703,503.8135593220339,
1,-1657165.7331330474,-0.903125,,1,1,1,3,3,393.5773195876289,398.41358024691357,458.69896193771626,457.64527027027026,504.24221453287197,291.0,324.0,289.0,296.0,289.0,392.46735395189006,397.25,436.401384083045,456.64527027027026,503.24221453287197,
1,-1657165.7331330474,-0.903125,,1,1,1,3,3,393.28327645051195,399.02061855670104,460.63986013986016,460.1948051948052,501.1158940397351,293.0,291.0,286.0,308.0,302.0,392.2047781569966,397.93470790378007,438.15384615384613,459.1948051948052,500.112582781457,
2,-1637745.4807648938,-0.91125,,0,2,1,2,2,392.788961038961,397.37943262411346,440.17218543046357,459.3803278688525,500.78326996197717,308.0,282.0,302.0,305.0,263.0,391.6038961038961,396.26241134751774,439.1423841059603,458.3639344262295,499.78326996197717,
2,-1609717.1373809197,-0.911875,,1,0,5,2,0,394.3828382838284,397.61538461538464,438.77037037037036,458.02517985611513,519.4140350877193,303.0,299.0,270.0,278.0,285.0,393.26402640264024,396.4916387959866,437.7518518518518,456.9928057553957,498.5438596491228,
2,-1659154.853036715,-0.9004687499999999,,1,2,2,0,2,394.1,398.08169934640523,440.16494845360825,460.5064935064935,506.18296529968455,290.0,306.0,291.0,308.0,317.0,393.02758620689656,397.02287581699346,439.12371134020617,459.4902597402597,505.16719242902207,
2,-1552595.1825885195,-0.9125,,2,1,2,0,6,394.0952380952381,397.42490842490844,438.10377358490564,457.84300341296927,501.34671532846716,294.0,273.0,318.0,293.0,274.0,392.98979591836735,396.3260073260073,437.04716981132077,456.84300341296927,500.3430656934307,
2,-1664458.8892203094,-0.895625,,0,0,5,1,2,392.9781931464174,398.5387096774194,439.016501650165,481.74132492113563,504.9965034965035,321.0,310.0,303.0,317.0,286.0,391.6417445482866,397.4032258064516,437.94719471947195,457.2807570977918,503.9965034965035,
2,-1645217.0976732378,-0.905,,0,4,0,1,2,393.15824915824913,399.33673469387753,438.27090301003346,485.8200692041523,500.5704467353952,297.0,294.0,299.0,289.0,291.0,391.86531986531986,398.26190476190476,437.2341137123746,458.46020761245677,499.5704467353952,
2,-1639289.1143994057,-0.90625,,0,2,1,2,2,393.8382352941176,397.0744336569579,440.3859060402685,459.18150684931504,504.3076923076923,272.0,309.0,298.0,292.0,299.0,392.7095588235294,395.99029126213594,439.31879194630875,458.1575342465753,503.3076923076923,
2,-1657048.3187357034,-0.903125,,0,0,1,1,2,394.08,398.1476510067114,463.1237785016287,518.921052631579,509.2824427480916,300.0,298.0,307.0,304.0,262.0,392.99,397.0234899328859,438.0586319218241,458.2138157894737,508.2824427480916,
3,-1634490.6764206174,-0.910625,,2,1,2,4,0,391.87118644067795,397.95652173913044,443.84265734265733,456.7203947368421,505.6884735202492,295.0,322.0,286.0,304.0,321.0,390.7322033898305,396.83850931677017,442.83216783216784,455.6743421052632,504.6791277258567,
3,-1633214.308849091,-0.91125,,0,1,3,3,0,392.7392857142857,397.3333333333333,443.0165562913907,458.2568493150685,528.6948529411765,280.0,303.0,302.0,292.0,272.0,391.47857142857146,396.15181518151815,442.0165562913907,457.25,503.4522058823529,
3,-1536200.1861364248,-0.911875,,6,1,3,6,2,392.8724832214765,398.19620253164555,437.8388157894737,457.2960288808664,508.87254901960785,298.0,316.0,304.0,277.0,306.0,391.70805369127515,397.0854430379747,436.8092105263158,456.2960288808664,507.87254901960785,
3,-1642262.7687098403,-0.90375,,1,1,3,2,1,393.9121621621622,397.43092105263156,436.4459930313589,457.33663366336634,520.2975778546713,296.0,304.0,287.0,303.0,289.0,392.77702702702703,396.31907894736844,435.3623693379791,456.28712871287127,500.33217993079586,
3,-1638326.3647105154,-0.9056249999999999,,0,4,1,2,2,394.5034013605442,398.328990228013,439.38,457.2655172413793,502.0618556701031,294.0,307.0,300.0,290.0,291.0,393.43197278911566,397.257328990228,438.3566666666667,456.2655172413793,501.0618556701031,
3,-1649964.0551705118,-0.9026562499999999,,0,0,0,2,0,393.53793103448277,399.3833333333333,479.50333333333333,458.19218241042347,573.3648208469056,290.0,300.0,300.0,307.0,307.0,392.31724137931036,397.96666666666664,473.35333333333335,457.1726384364821,560.4788273615635,
3,-1654749.4968843507,-0.8990625000000001,,0,0,1,0,2,394.10322580645163,397.3606557377049,472.51194539249144,526.0074626865671,507.9057239057239,310.0,305.0,293.0,268.0,297.0,392.9193548387097,396.1475409836066,441.28327645051195,494.64179104477614,506.9057239057239,
3,-1655076.7774904296,-0.8969158935546875,,1,2,2,0,2,393.1054421768707,398.5032894736842,439.875,456.0509554140127,502.02950819672134,294.0,304.0,312.0,314.0,305.0,391.88775510204084,397.42763157894734,438.8557692307692,455.03184713375794,501.02950819672134,
4,-1634049.5886985997,-0.90625,,1,6,1,0,2,394.6923076923077,396.9353741496599,437.69310344827585,478.01557632398755,503.1003236245955,286.0,294.0,290.0,321.0,309.0,393.6363636363636,395.71768707482994,436.63448275862066,456.4672897196262,502.06796116504853,
4,-1564529.0380337778,-0.910625,,6,0,5,2,2,393.9448051948052,397.66782006920414,437.40705128205127,458.22945205479454,509.5547703180212,308.0,289.0,312.0,292.0,283.0,392.6720779220779,396.5813148788927,436.3044871794872,457.2260273972603,508.5547703180212,
4,-1615652.3984145739,-0.9099999999999999,,1,1,4,1,2,393.90845070422534,398.7,436.1132686084142,481.6829268292683,509.7171717171717,284.0,300.0,309.0,287.0,297.0,392.63028169014086,397.67,434.99676375404533,458.2682926829268,508.6868686868687,
4,-1620363.6790618778,-0.90875,,1,5,2,0,3,394.5050505050505,398.09395973154363,438.7304964539007,457.8767123287671,502.2402597402597,297.0,298.0,282.0,292.0,308.0,393.2693602693603,397.0570469798658,437.71985815602835,456.8390410958904,501.2402597402597,
4,-1632039.2613468033,-0.9075,,1,0,2,4,0,393.28476821192055,399.2448275862069,438.2926829268293,459.763698630137,525.7697368421053,302.0,290.0,287.0,292.0,304.0,392.13576158940396,398.1241379310345,437.2229965156794,458.76027397260276,507.7236842105263,
4,-1623138.7021914795,-0.9081250000000001,,1,2,3,1,2,394.84892086330933,398.33015873015876,443.1160409556314,458.5821917808219,504.4563758389262,278.0,315.0,293.0,292.0,298.0,393.7482014388489,397.2,442.0853242320819,457.56164383561645,503.4563758389262,
4,-1573254.9037955008,-0.91,,5,0,1,0,3,394.52767527675275,398.038338658147,438.62857142857143,483.0915254237288,506.37226277372264,271.0,313.0,280.0,295.0,274.0,393.36162361623616,396.95846645367413,437.50357142857143,459.33898305084745,505.37226277372264,
4,-1640861.6521332902,-0.90375,,0,0,1,2,4,394.57142857142856,397.52287581699346,460.6372549019608,458.6521739130435,503.4135593220339,266.0,306.0,306.0,299.0,295.0,393.390977443609,396.45098039215685,435.8235294117647,457.61204013377926,502.4135593220339,
4,-1635240.7459659765,-0.9041522026062012,,2,1,2,0,2,392.46308724832215,398.8783783783784,438.8306709265176,458.32775919732444,506.0106007067138,298.0,296.0,313.0,299.0,283.0,391.1442953020134,397.7804054054054,437.82108626198084,457.3010033444816,505.0106007067138,
4,-1647542.3811999517,-0.899375,,0,0,2,0,2,393.4766666666667,397.1471571906354,441.9100346020761,485.35971223021585,500.2831541218638,300.0,299.0,289.0,278.0,279.0,392.3833333333333,395.88628762541805,440.9031141868512,478.3093525179856,499.2831541218638,
4,-1645884.848894943,-0.9015673828125,,0,0,3,1,0,393.90967741935486,398.69565217391306,437.94006309148267,490.493006993007,557.2953736654804,310.0,299.0,317.0,286.0,281.0,392.86129032258066,397.4113712374582,436.87697160883283,458.6188811188811,536.4341637010676,
4,-1648098.0716986014,-0.895,,2,1,2,0,2,394.73941368078175,398.18360655737706,436.8277027027027,459.0390070921986,505.9097472924188,307.0,305.0,296.0,282.0,277.0,393.61889250814335,397.0655737704918,435.7094594594595,458.0248226950355,504.9097472924188,
4,-1653248.6045442128,-0.89,,2,1,0,4,3,394.1380471380471,398.38157894736844,440.05281690140845,457.78246753246754,503.8976109215017,297.0,304.0,284.0,308.0,293.0,392.95959595959596,397.25986842105266,439.01408450704224,456.74675324675326,502.8976109215017,
5,-1597737.5055501803,-0.90875,,1,2,0,1,1,392.74917491749176,397.70588235294116,435.5709090909091,484.5067567567568,545.3762376237623,303.0,272.0,275.0,296.0,303.0,391.5247524752475,396.5735294117647,434.5709090909091,457.1114864864865,500.06600660066005,
