0,-1643705.7058441744,-0.91125,,0,0,0,1,0,393.78983050847455,398.6455696202532,475.18727915194347,514.6308724832214,600.0728476821192,295.0,316.0,283.0,298.0,302.0,392.53898305084743,397.3132911392405,469.226148409894,457.6241610738255,580.7218543046357,
0,-1646460.2321306923,-0.90087890625,,0,0,0,1,2,394.3310810810811,396.97087378640776,477.98376623376623,520.1107491856677,500.64505119453923,296.0,309.0,308.0,307.0,293.0,393.2162162162162,395.5857605177994,472.77272727272725,455.72964169381106,499.64505119453923,
0,-1578195.8704208166,-0.9121874999999999,,2,0,2,3,2,394.48902821316614,398.50657894736844,438.34859154929575,457.6575342465753,501.6843853820598,319.0,304.0,284.0,292.0,301.0,393.3949843260188,397.3618421052632,437.2781690140845,456.6575342465753,500.6843853820598,
0,-1533887.807630694,-0.93,,0,1,5,0,1,394.1066666666667,398.34193548387094,437.5629139072848,482.23776223776224,549.2566666666667,300.0,310.0,302.0,286.0,300.0,392.9166666666667,397.258064516129,436.5198675496689,456.34265734265733,505.73333333333335,
0,-1556963.0658455617,-0.915,,0,2,2,2,0,394.04347826086956,399.31985294117646,439.66326530612247,454.9584775086505,500.64527027027026,299.0,272.0,294.0,289.0,296.0,392.8695652173913,398.19117647058823,438.64285714285717,453.9273356401384,499.6317567567568,
1,-1641587.7727582639,-0.90859375,,0,0,0,0,1,393.1160409556314,398.9622641509434,482.10543130990413,535.8780487804878,569.1384083044983,293.0,318.0,313.0,287.0,289.0,391.9419795221843,397.52830188679246,468.2555910543131,527.7491289198606,503.9031141868512,
1,-1641251.7391060535,-0.911015625,,0,0,0,1,2,393.1618122977346,397.7940199335548,480.993265993266,511.5503144654088,506.8978328173375,309.0,301.0,297.0,318.0,323.0,392.06796116504853,396.2890365448505,470.3838383838384,456.6666666666667,505.8978328173375,
1,-1630428.833629517,-0.91125,,0,0,0,1,1,392.1546762589928,397.7466216216216,470.67636363636365,510.82828282828285,558.9280821917808,278.0,296.0,275.0,297.0,292.0,390.96762589928056,396.4054054054054,465.5709090909091,457.6228956228956,498.013698630137,
1,-1575098.7898327003,-0.91142578125,,0,1,3,0,1,394.42402826855124,396.62582781456956,436.2761904761905,483.4548872180451,532.8754098360656,283.0,302.0,315.0,266.0,305.0,393.339222614841,395.4867549668874,435.247619047619,455.6691729323308,501.0065573770492,
1,-1390153.457155072,-0.91625,,4,3,2,2,1,393.0135135135135,397.47011952191235,440.59726962457336,456.70205479452056,503.3488372093023,296.0,251.0,293.0,292.0,301.0,391.81756756756755,396.3585657370518,439.5221843003413,455.6506849315069,502.3488372093023,
1,-1469759.7027459317,-0.9125,,0,5,0,2,1,393.35164835164835,397.8863636363636,441.0137931034483,458.7609427609428,519.8498168498169,273.0,308.0,290.0,297.0,273.0,392.2161172161172,396.8538961038961,440.0,457.7609427609428,501.3113553113553,
2,-1640112.105636068,-0.89625,,0,0,0,2,2,393.3954248366013,397.75850340136054,481.4469453376206,460.0405405405405,507.3706293706294,306.0,294.0,311.0,296.0,286.0,392.297385620915,396.3741496598639,471.6848874598071,459.0067567567568,506.3706293706294,
2,-1635471.2580811013,-0.9068750000000001,,0,0,0,1,0,393.54895104895104,398.0701754385965,470.37920489296636,516.7839721254355,591.3201320132014,286.0,285.0,327.0,287.0,303.0,392.2832167832168,396.79298245614035,465.5321100917431,457.5679442508711,567.8712871287129,
2,-1638889.886612785,-0.8987127780914307,,0,1,0,1,0,394.63106796116506,398.00651465798046,469.09966777408636,517.9578947368421,596.0553745928339,309.0,307.0,301.0,285.0,307.0,393.50485436893206,396.63843648208467,439.6511627906977,458.33684210526314,552.114006514658,
2,-1622950.6292642013,-0.907364501953125,,0,0,0,1,0,393.62546816479403,398.07185628742513,476.4776632302405,514.3170731707318,586.421768707483,267.0,334.0,291.0,287.0,294.0,392.3895131086142,396.5988023952096,469.91752577319585,456.0243902439024,569.7176870748299,
2,-1610719.9941119398,-0.9077319335937499,,0,0,0,0,1,393.7366548042705,398.59415584415586,466.67656765676566,535.4158075601374,571.2214532871973,281.0,308.0,303.0,291.0,289.0,392.423487544484,397.0876623376623,463.0627062706271,527.4432989690722,505.44290657439444,
2,-1596355.9285257494,-0.9081250000000001,,0,1,2,2,1,393.76949152542375,397.1741935483871,439.41198501872657,457.73856209150324,524.4409722222222,295.0,310.0,267.0,306.0,288.0,392.6949152542373,396.1193548387097,438.3820224719101,456.7156862745098,501.56597222222223,
2,-1588992.1410382867,-0.90875,,2,0,0,2,1,394.5501730103806,398.2768729641694,439.20996441281136,460.48366013071893,532.0528052805281,289.0,307.0,281.0,306.0,303.0,393.4083044982699,397.17915309446255,438.135231316726,459.48366013071893,506.3333333333333,
2,-1584953.7753382223,-0.91125,,0,0,2,2,3,394.4043321299639,398.44444444444446,439.0973154362416,459.6079734219269,506.1471571906354,277.0,315.0,298.0,301.0,299.0,393.2815884476534,397.2603174603175,438.03355704697987,458.60132890365446,505.12040133779266,
2,-1351748.1076243953,-0.915,,0,5,0,5,2,393.20820189274446,397.4334470989761,437.75694444444446,458.73986486486484,505.70205479452056,317.0,293.0,288.0,296.0,292.0,392.00630914826496,396.34129692832767,436.7013888888889,457.7060810810811,504.70205479452056,
2,-1378095.571064646,-0.9125,,1,4,5,1,4,393.32515337423314,398.0809968847352,438.8384879725086,460.11486486486484,504.89403973509934,326.0,321.0,291.0,296.0,302.0,392.11042944785277,396.89719626168227,437.8384879725086,459.11486486486484,503.89403973509934,
3,-1626154.4540803928,-0.90625,,0,0,0,1,0,394.04276315789474,398.3374613003096,478.6136363636364,519.1103202846975,592.9144736842105,304.0,323.0,308.0,281.0,304.0,392.75657894736844,396.94117647058823,471.13961038961037,456.29537366548044,570.296052631579,
3,-1626199.4856686778,-0.9005078125,,0,0,0,1,2,392.85263157894735,397.5472312703583,473.20529801324506,523.1462585034013,507.89473684210526,285.0,307.0,302.0,294.0,285.0,391.69122807017544,396.20195439739416,468.387417218543,457.8979591836735,506.89473684210526,
3,-1636536.4723098278,-0.8983756732940673,,0,0,0,1,2,393.6791277258567,398.84615384615387,486.4677966101695,529.2448979591836,508.5756578947368,321.0,325.0,295.0,294.0,304.0,392.5109034267913,397.6307692307692,477.2779661016949,458.7925170068027,507.5756578947368,
3,-1610202.1327311085,-0.9075781249999999,,0,1,0,1,0,392.5947712418301,398.9206896551724,462.7410071942446,500.9146757679181,581.3020134228188,306.0,290.0,278.0,293.0,298.0,391.3888888888889,397.6241379310345,438.3561151079137,457.87713310580205,537.3624161073825,
3,-1580531.0732920012,-0.909375,,0,3,1,0,1,393.619926199262,397.84797297297297,436.66101694915255,479.7483660130719,542.0602836879433,271.0,296.0,295.0,306.0,282.0,392.44280442804427,396.81081081081084,435.6372881355932,458.02287581699346,503.84751773049646,
3,-1542659.5359801976,-0.9104687499999999,,2,0,2,3,2,393.08710801393727,398.68918918918916,440.68441064638785,456.1310344827586,502.6678082191781,287.0,296.0,263.0,290.0,292.0,391.9512195121951,397.6385135135135,439.6539923954373,455.1241379310345,501.6575342465753,
3,-1498162.6296346842,-0.910625,,2,3,1,2,1,394.18674698795184,397.00689655172414,437.86986301369865,459.15555555555557,507.57761732851986,332.0,290.0,292.0,270.0,277.0,393.0331325301205,395.89310344827584,436.82191780821915,458.14814814814815,506.57761732851986,
3,-1478082.8575344272,-0.91125,,2,0,0,5,2,393.5402684563758,397.8262295081967,438.7064846416382,459.45367412140575,506.8065693430657,298.0,305.0,293.0,313.0,274.0,392.39261744966444,396.74426229508197,437.64846416382255,458.45367412140575,505.8065693430657,
4,-1624911.9714336726,-0.9040625,,0,0,0,1,0,392.5379061371841,397.2345276872964,473.7391304347826,503.9767441860465,597.3539518900344,277.0,307.0,276.0,301.0,291.0,391.27797833935017,395.64820846905536,466.93840579710144,456.43189368770766,574.7628865979382,
4,-1623993.7238587032,-0.90625,,0,0,1,1,0,393.9731543624161,398.45733788395904,465.0128205128205,511.9418181818182,580.4201388888889,298.0,293.0,312.0,275.0,288.0,392.8724832214765,397.18430034129693,437.0,458.46909090909094,532.8784722222222,
4,-1633632.7630039798,-0.8939705036580563,,0,0,0,0,1,394.3333333333333,398.3527397260274,467.58252427184465,550.4083601286173,584.4161073825503,285.0,292.0,309.0,311.0,298.0,393.17543859649123,397.0,458.37216828478967,543.1511254019292,507.8322147651007,
4,-1625270.0378546594,-0.895882014632225,,0,0,0,0,1,394.45454545454544,399.4906367041198,476.35099337748346,529.8108974358975,578.0529801324503,308.0,267.0,302.0,312.0,302.0,393.2435064935065,397.9325842696629,470.0860927152318,520.8012820512821,505.81456953642385,
4,-1586336.8715934535,-0.906953125,,0,1,3,0,1,393.5098039215686,398.10869565217394,440.8986013986014,482.491961414791,543.7375886524823,306.0,276.0,286.0,311.0,282.0,392.2549019607843,397.036231884058,439.86013986013984,456.7299035369775,502.70212765957444,
4,-1551949.1374362144,-0.909375,,3,0,2,1,0,393.3986013986014,397.30281690140845,438.92255892255895,458.55882352941177,522.1092150170648,286.0,284.0,297.0,272.0,293.0,392.31468531468533,396.2323943661972,437.8821548821549,457.49632352941177,501.22866894197955,
4,-1559271.6921079285,-0.90875,,0,3,2,2,0,394.06953642384104,398.0747330960854,440.20529801324506,458.2716049382716,508.55357142857144,302.0,281.0,302.0,324.0,280.0,392.96026490066225,397.02491103202846,439.1523178807947,457.24691358024694,507.5464285714286,
4,-1561264.5558824223,-0.90859375,,2,0,2,1,1,394.13576158940396,398.4463087248322,435.6928104575163,458.9842271293375,533.9542253521126,302.0,298.0,306.0,317.0,284.0,392.9172185430464,397.36241610738256,434.640522875817,457.9842271293375,503.4119718309859,
4,-1471220.1335409235,-0.91125,,0,1,5,1,2,393.6382252559727,397.22297297297297,438.7331081081081,481.27213114754096,503.4401408450704,293.0,296.0,296.0,305.0,284.0,392.49829351535834,396.1385135135135,437.7162162162162,457.72131147540983,502.4401408450704,
5,-1624572.2759655828,-0.9021842926342267,,0,0,0,1,0,394.05974842767296,398.7986111111111,482.57491289198606,502.4075342465753,606.4271844660194,318.0,288.0,287.0,292.0,309.0,392.7861635220126,397.16319444444446,472.9303135888502,456.24657534246575,584.537216828479,
5,-1606509.0446711332,-0.906015625,,0,0,0,2,1,393.6034482758621,399.11038961038963,470.24475524475525,455.39527027027026,548.8615916955017,290.0,308.0,286.0,296.0,289.0,392.4758620689655,397.9123376623377,465.26223776223776,454.3614864864865,500.8961937716263,
5,-1616827.6581864888,-0.90515625,,3,0,0,1,0,393.58385093167703,397.81290322580645,439.6770833333333,482.7157534246575,568.6461038961039,322.0,310.0,288.0,292.0,308.0,392.4130434782609,396.6741935483871,438.62847222222223,455.9554794520548,542.1525974025974,
5,-1626163.2999045257,-0.893125,,0,1,0,0,1,394.18543046357615,397.18060200668896,469.8085106382979,521.7816901408451,574.0517799352751,302.0,299.0,282.0,284.0,309.0,393.07284768211923,395.88628762541805,440.5921985815603,494.90845070422534,504.4724919093851,
5,-1575891.642942213,-0.90625,,1,0,1,1,1,393.8405315614618,397.1241134751773,463.19850187265916,509.44039735099335,559.3405017921147,301.0,282.0,267.0,302.0,279.0,392.6777408637874,396.0070921985816,437.5430711610487,458.182119205298,503.2078853046595,
5,-1525105.5864738855,-0.909375,,0,2,0,4,0,392.7931034482759,398.5943060498221,435.1111111111111,458.9,529.27734375,290.0,281.0,288.0,300.0,256.0,391.41379310344826,397.4982206405694,433.9166666666667,457.9,521.171875,
5,-1525621.2974779163,-0.90765625,,3,0,2,1,0,394.3914728682171,398.01307189542484,435.9033333333333,457.24028268551234,527.4429065743944,258.0,306.0,300.0,283.0,289.0,393.29457364341084,396.9052287581699,434.8066666666667,456.226148409894,503.2629757785467,
5,-1463564.0802802732,-0.91,,2,2,4,2,0,393.5471014492754,398.80592105263156,440.04676258992805,457.70989761092153,507.513698630137,276.0,304.0,278.0,293.0,292.0,392.34420289855075,397.69736842105266,438.98920863309354,456.6962457337884,506.513698630137,
6,-1625349.4837784956,-0.89125,,0,1,0,0,1,394.0688405797101,397.9161073825503,462.56711409395973,521.7087087087087,573.0920634920635,276.0,298.0,298.0,333.0,315.0,392.9166666666667,396.4865771812081,436.8590604026846,496.28228228228227,502.02539682539685,
6,-1497978.6895477124,-0.9090625,,0,0,0,5,1,394.6156462585034,398.37908496732024,477.77186311787074,457.768253968254,546.4424460431654,294.0,306.0,263.0,315.0,278.0,393.5408163265306,397.12091503267976,469.5551330798479,456.7650793650794,502.9568345323741,
6,-1615594.7323295665,-0.8974255561828614,,0,1,0,1,0,393.3166144200627,397.90584415584414,471.1734693877551,521.5589353612168,578.1644736842105,319.0,308.0,294.0,263.0,304.0,392.153605015674,396.68831168831167,438.81972789115645,459.3916349809886,540.5296052631579,
6,-1566910.6885847324,-0.9028125,,2,0,3,1,1,393.4046822742475,397.09302325581393,438.8802588996764,457.05016722408027,529.5555555555555,299.0,301.0,309.0,299.0,306.0,392.2006688963211,396.01328903654485,437.86407766990294,456.01003344481603,505.6830065359477,
