0,-1298184.3335367655,-0.925,,1,2,1,3,2,393.93333333333334,397.64444444444445,535.8155339805825,458.37953795379536,503.9968944099379,285.0,315.0,309.0,303.0,322.0,392.719298245614,396.5936507936508,438.06148867313914,457.3696369636964,502.9968944099379,
1,-1292338.9149151198,-0.91,,2,4,1,3,0,392.7934426229508,397.9836065573771,440.0372881355932,458.71,609.2142857142857,305.0,305.0,295.0,300.0,294.0,391.68524590163935,396.85573770491806,438.98644067796613,457.6533333333333,499.734693877551,
1,-1266668.1697139891,-0.91625,,3,0,2,1,2,393.4983498349835,397.72053872053874,439.95087719298243,559.2958801498128,505.0485436893204,303.0,297.0,285.0,267.0,309.0,392.28052805280527,396.6599326599327,438.9122807017544,456.7790262172285,504.0485436893204,
1,-1263663.4929742827,-0.91875,,1,4,2,2,4,394.0625,396.69395017793596,441.69407894736844,458.25524475524475,504.93950177935943,320.0,281.0,304.0,286.0,281.0,392.834375,395.5017793594306,440.6513157894737,457.25524475524475,503.93950177935943,
1,-1275207.07851376,-0.91125,,0,4,3,3,0,396.1666666666667,397.926517571885,442.04428044280445,458.58843537414964,594.3697183098592,288.0,313.0,271.0,294.0,284.0,393.3645833333333,396.7859424920128,440.98523985239854,457.58843537414964,581.7711267605633,
2,-1290744.9948764169,-0.895,,4,1,1,3,2,393.40683229813664,397.83056478405314,533.0198675496689,456.7733333333333,502.1258503401361,322.0,301.0,302.0,300.0,294.0,392.2670807453416,396.66777408637876,439.18543046357615,455.76666666666665,501.1258503401361,
2,-1285168.4694183199,-0.90875,,4,0,2,1,3,393.61805555555554,397.5536912751678,438.4967320261438,571.1540983606558,506.3211920529801,288.0,298.0,306.0,305.0,302.0,392.375,396.3993288590604,437.4967320261438,457.3081967213115,505.3211920529801,
2,-1254216.1773865912,-0.91375,,3,3,2,3,0,393.5210355987055,398.0774647887324,436.5508196721311,455.4021352313167,500.3046594982079,309.0,284.0,305.0,281.0,279.0,392.3462783171521,396.9119718309859,435.4622950819672,454.3914590747331,499.2974910394265,
2,-1237695.296199024,-0.91625,,0,1,1,4,1,394.1768953068592,479.6689189189189,590.0807017543859,457.5394736842105,672.0072463768116,277.0,296.0,285.0,304.0,276.0,393.11191335740074,397.3682432432432,438.6070175438596,456.5230263157895,502.2173913043478,
3,-1261973.5119201634,-0.905,,2,3,3,2,2,393.6690909090909,397.2647058823529,438.34859154929575,458.32142857142856,507.5337620578778,275.0,306.0,284.0,308.0,311.0,392.5090909090909,396.1928104575163,437.3098591549296,457.2987012987013,506.524115755627,
3,-1279699.687245447,-0.9025,,3,1,3,3,1,394.04234527687294,397.9084745762712,441.25082508250824,457.8550185873606,612.8566552901024,307.0,295.0,303.0,269.0,293.0,392.9315960912052,396.82372881355934,440.2178217821782,456.81040892193306,501.26962457337885,
3,-1255314.9471808881,-0.90625,,2,4,3,3,3,394.0033444816053,397.5286195286195,439.4914089347079,457.6020408163265,504.34944237918216,299.0,297.0,291.0,294.0,269.0,392.809364548495,396.45791245791247,438.4707903780069,456.52721088435374,503.34944237918216,
3,-1270179.4904722804,-0.90375,,1,2,4,2,2,393.66996699669966,397.5432525951557,437.1619718309859,458.81944444444446,504.27,303.0,289.0,284.0,288.0,300.0,392.58415841584156,396.363321799308,436.11619718309856,457.81597222222223,503.26666666666665,
3,-1247718.0994182553,-0.91,,2,3,3,2,4,394.5520833333333,398.26797385620915,440.9793103448276,458.5371621621622,508.21864951768487,288.0,306.0,290.0,296.0,311.0,393.4583333333333,397.19607843137254,439.951724137931,457.5304054054054,507.19614147909965,
3,-1217401.7737010792,-0.915,,3,2,4,2,4,393.5257731958763,398.1078431372549,438.66326530612247,455.79715302491104,503.55555555555554,291.0,306.0,294.0,281.0,288.0,392.3745704467354,396.9967320261438,437.6530612244898,454.7686832740213,502.55555555555554,
4,-1278375.3314657079,-0.8975,,3,1,3,0,3,393.33112582781456,397.037037037037,440.0721003134796,588.3731884057971,505.99649122807017,302.0,297.0,319.0,276.0,285.0,392.15562913907286,395.993265993266,438.97492163009406,459.5326086956522,504.99649122807017,
4,-1253572.9656050787,-0.905,,3,0,2,2,1,393.4421768707483,397.3718411552347,437.20494699646645,456.9691780821918,579.8136200716846,294.0,277.0,283.0,292.0,279.0,392.2448979591837,396.23104693140795,436.13074204947,455.9691780821918,496.505376344086,
4,-1262338.1054890766,-0.9,,0,2,4,2,4,393.1666666666667,397.8777777777778,438.387417218543,458.9583333333333,500.2150170648464,318.0,270.0,302.0,288.0,293.0,392.07861635220127,396.81851851851854,437.36092715231786,457.9583333333333,499.2150170648464,
4,-1236338.600177872,-0.91,,3,5,3,0,4,394.114006514658,397.21478873239437,441.09722222222223,458.84789644012943,508.28980891719743,307.0,284.0,288.0,309.0,314.0,392.90228013029315,396.1443661971831,440.09027777777777,457.84142394822004,507.28662420382165,
4,-1245827.543570318,-0.9075,,2,3,0,5,2,394.16037735849056,397.0408163265306,438.6006389776358,459.13937282229966,506.92605633802816,318.0,294.0,313.0,287.0,284.0,393.0157232704403,395.9387755102041,437.57507987220447,458.13240418118465,505.92605633802816,
4,-1205448.0568582125,-0.91125,,2,4,3,3,4,393.0071174377224,396.55743243243245,436.3592233009709,455.9340659340659,504.12454212454213,281.0,296.0,309.0,273.0,273.0,391.7615658362989,395.40202702702703,435.28155339805824,454.9230769230769,503.12454212454213,
5,-1269940.5079119387,-0.89125,,4,0,2,1,1,394.14878892733566,398.202614379085,436.60283687943263,566.1,677.3180212014134,289.0,306.0,282.0,300.0,283.0,393.1038062283737,397.10130718954247,435.56028368794324,455.42,496.09187279151945,
5,-1250395.5206626253,-0.905,,4,3,2,1,1,393.247619047619,398.5612244897959,442.3333333333333,458.4039735099338,621.4787234042553,315.0,294.0,288.0,302.0,282.0,392.0698412698413,397.52721088435374,441.3229166666667,457.4006622516556,500.58156028368796,
5,-1257546.3601922032,-0.9,,3,1,3,3,0,392.8556338028169,398.47297297297297,439.7876447876448,457.13028169014086,603.9700996677741,284.0,296.0,259.0,284.0,301.0,391.6021126760563,397.4155405405405,438.75289575289577,456.1267605633803,496.12292358803984,
5,-1229427.5168558673,-0.90875,,1,0,2,1,0,395.04333333333335,486.78892733564015,440.42033898305084,616.8350515463917,731.4041666666667,300.0,289.0,295.0,291.0,240.0,393.00666666666666,397.20415224913495,439.35593220338984,455.8556701030928,618.5833333333334,
5,-1238717.2598379985,-0.9075,,1,3,1,0,0,394.9258064516129,398.3956043956044,549.0378006872852,606.8993288590603,733.4285714285714,310.0,273.0,291.0,298.0,238.0,393.0741935483871,397.2600732600733,438.4914089347079,458.3859060402685,679.0420168067227,
5,-1203757.9929182916,-0.91125,,5,5,3,1,3,395.02258064516127,399.0310344827586,441.0673758865248,458.0858085808581,500.85897435897436,310.0,290.0,282.0,303.0,312.0,393.85806451612905,397.9655172413793,440.0673758865248,457.0825082508251,499.85897435897436,
6,-1259062.404006132,-0.88875,,4,1,3,0,3,394.21942446043164,398.14869888475835,438.19620253164555,555.9419795221843,503.86941580756013,278.0,269.0,316.0,293.0,291.0,393.1043165467626,397.0669144981413,437.17088607594934,456.8839590443686,502.86941580756013,
6,-1245670.3766666024,-0.905,,2,3,4,0,4,391.9233449477352,398.0416666666667,439.465034965035,458.7843137254902,499.6224489795918,287.0,312.0,286.0,306.0,294.0,390.70034843205576,396.84615384615387,438.45104895104896,457.75816993464053,498.6020408163265,
6,-1256788.872990658,-0.89625,,5,3,3,0,0,393.0976430976431,397.1540983606557,441.6600660066007,455.4760273972603,629.1043165467626,297.0,305.0,303.0,292.0,278.0,392.020202020202,396.0032786885246,440.65346534653463,454.1404109589041,602.2517985611511,
6,-1253904.490032646,-0.8975,,2,2,1,3,2,393.53198653198655,398.5646258503401,440.75,459.82781456953643,504.24642857142857,297.0,294.0,304.0,302.0,280.0,392.4208754208754,397.4625850340136,439.7368421052632,458.81456953642385,503.24642857142857,
6,-1249893.8657965136,-0.89875,,0,2,4,3,4,393.44086021505376,398.7830508474576,438.6421725239617,457.92483660130716,508.26279863481227,279.0,295.0,313.0,306.0,293.0,392.1648745519713,397.6813559322034,437.57507987220447,456.92483660130716,507.24914675767917,
6,-1232245.22872206,-0.90625,,5,4,3,3,0,393.71232876712327,398.1602787456446,439.37373737373736,455.2857142857143,506.23225806451615,292.0,287.0,297.0,315.0,310.0,392.6232876712329,397.0243902439024,438.3030303030303,454.20952380952383,505.23225806451615,
6,-1168245.1060283277,-0.90875,,6,0,2,2,1,393.41843971631204,398.5827814569536,438.5888888888889,457.8049645390071,563.3468634686346,282.0,302.0,270.0,282.0,271.0,392.3014184397163,397.3841059602649,437.56296296296296,456.7730496453901,497.1808118081181,
6,-1197870.9595264012,-0.9075,,0,0,4,3,1,394.64028776978415,532.5265017667845,437.07216494845363,459.5774647887324,644.6838235294117,278.0,283.0,291.0,284.0,272.0,392.28776978417267,517.756183745583,436.0549828178694,458.5774647887324,497.4742647058824,
7,-1234993.8105998042,-0.905,,2,5,1,3,0,392.7871621621622,398.1593220338983,439.8327526132404,458.7173144876325,584.9741697416974,296.0,295.0,287.0,283.0,271.0,391.6216216216216,397.0813559322034,438.74216027874564,457.7173144876325,498.9667896678967,
7,-1241472.0489706276,-0.9025,,2,0,3,3,0,393.9828178694158,398.6521739130435,437.92883895131087,455.9795918367347,594.9862542955326,291.0,276.0,267.0,294.0,291.0,392.85223367697597,396.2355072463768,436.9138576779026,454.93197278911566,575.4123711340206,
7,-1253660.210428459,-0.87625,,4,0,2,3,2,393.38028169014086,397.182119205298,435.6373626373626,454.9823943661972,503.2491103202847,284.0,302.0,273.0,284.0,281.0,392.23591549295776,396.10596026490066,434.5201465201465,453.9823943661972,502.2491103202847,
7,-1251660.751806665,-0.8975,,0,4,3,2,3,393.4725274725275,399.12720848056534,437.6326530612245,457.38461538461536,505.59106529209623,273.0,283.0,294.0,299.0,291.0,392.27106227106225,398.0530035335689,436.5986394557823,456.3478260869565,504.58419243986253,
7,-1252837.538737643,-0.88875,,1,3,1,0,3,393.9475524475524,397.3445945945946,539.5310344827586,618.3093525179856,503.6655844155844,286.0,296.0,290.0,278.0,308.0,392.8776223776224,396.27702702702703,439.0655172413793,457.41007194244605,502.6655844155844,
7,-1230306.68293715,-0.90625,,2,2,1,3,4,394.4639175257732,396.78688524590166,439.06597222222223,459.7828947368421,508.4655737704918,291.0,305.0,288.0,304.0,305.0,393.2302405498282,395.75409836065575,438.0520833333333,458.73355263157896,507.4655737704918,
8,-1231260.3502508912,-0.905,,3,1,4,3,1,393.5921985815603,397.82456140350877,437.687707641196,455.3191489361702,596.7427536231884,282.0,285.0,301.0,282.0,276.0,392.33687943262413,396.65263157894736,436.6179401993355,454.31205673758865,500.92028985507244,
8,-1239248.828909425,-0.9,,0,1,4,2,4,393.80350877192984,488.1864406779661,439.5168918918919,456.2551020408163,504.74,285.0,295.0,296.0,294.0,300.0,392.70175438596493,396.1254237288136,438.4831081081081,455.2482993197279,503.72333333333336,
8,-1238513.8336911774,-0.9025,,0,3,0,2,2,394.87867647058823,397.32781456953643,551.1725352112676,457.4607508532423,504.77777777777777,272.0,302.0,284.0,293.0,288.0,392.95588235294116,396.22847682119203,535.330985915493,456.42320819112626,503.77777777777777,
8,-1251159.9881451568,-0.8925,,3,2,1,3,2,393.5181518151815,397.3156146179402,438.4175824175824,459.5268456375839,502.5804195804196,303.0,301.0,273.0,298.0,286.0,392.36303630363034,396.1760797342193,437.3809523809524,458.5268456375839,501.5804195804196,
8,-1244959.8586359792,-0.89625,,4,1,2,3,0,393.3639344262295,398.2327868852459,439.5890410958904,458.89772727272725,617.5338345864661,305.0,305.0,292.0,264.0,266.0,392.127868852459,397.1114754098361,438.5445205479452,457.89772727272725,497.8984962406015,
8,-1223121.930827885,-0.90625,,4,3,4,2,2,393.4707792207792,398.16906474820144,440.48852459016393,460.72402597402595,505.3492063492063,308.0,278.0,305.0,308.0,315.0,392.2922077922078,397.12589928057554,439.4754098360656,459.711038961039,504.3492063492063,
9,-1248306.9483028972,-0.8925,,0,2,2,3,4,393.66889632107024,396.9793103448276,440.64918032786886,456.4270833333333,497.06642066420665,299.0,290.0,305.0,288.0,271.0,392.4782608695652,395.8586206896552,439.6131147540984,455.4270833333333,496.0405904059041,
9,-1217325.561396777,-0.90625,,4,2,2,3,4,394.56227758007117,398.7667844522968,442.0421686746988,460.4187725631769,505.46127946127945,281.0,283.0,332.0,277.0,297.0,393.51245551601426,397.69964664310953,441.0240963855422,459.4187725631769,504.46127946127945,
9,-1232165.6334459176,-0.9025,,3,1,5,3,1,393.86062717770034,398.5085324232082,438.8188405797101,459.0990099009901,602.9060402684564,287.0,293.0,276.0,303.0,298.0,392.6829268292683,397.4129692832764,437.79347826086956,458.08910891089107,499.5704697986577,
