0,-1298184.3335367655,-0.925,,1,2,1,3,2,393.93333333333334,397.64444444444445,535.8155339805825,458.37953795379536,503.9968944099379,285.0,315.0,309.0,303.0,322.0,392.719298245614,396.5936507936508,438.06148867313914,457.3696369636964,502.9968944099379,
0,-1304628.962307575,-0.90875,,2,4,3,0,3,393.03333333333336,396.7411003236246,440.0347003154574,459.46308724832215,506.76973684210526,300.0,309.0,317.0,298.0,304.0,391.94666666666666,395.6472491909385,438.98107255520506,458.3859060402685,505.76973684210526,
0,-1312343.3558387293,-0.90375,,3,0,2,3,2,393.5420560747664,397.63987138263667,439.71830985915494,460.14930555555554,500.74587458745873,321.0,311.0,284.0,288.0,303.0,392.4704049844237,396.5980707395498,438.6654929577465,459.14930555555554,499.74587458745873,
1,-1292338.9149151198,-0.91,,2,4,1,3,0,392.7934426229508,397.9836065573771,440.0372881355932,458.71,609.2142857142857,305.0,305.0,295.0,300.0,294.0,391.68524590163935,396.85573770491806,438.98644067796613,457.6533333333333,499.734693877551,
1,-1266668.1697139891,-0.91625,,3,0,2,1,2,393.4983498349835,397.72053872053874,439.95087719298243,559.2958801498128,505.0485436893204,303.0,297.0,285.0,267.0,309.0,392.28052805280527,396.6599326599327,438.9122807017544,456.7790262172285,504.0485436893204,
1,-1263663.4929742827,-0.91875,,1,4,2,2,4,394.0625,396.69395017793596,441.69407894736844,458.25524475524475,504.93950177935943,320.0,281.0,304.0,286.0,281.0,392.834375,395.5017793594306,440.6513157894737,457.25524475524475,503.93950177935943,
1,-1284838.226573719,-0.915,,3,1,3,3,2,395.06711409395973,397.8433333333333,439.98333333333335,458.8277027027027,504.59298245614036,298.0,300.0,300.0,296.0,285.0,393.9295302013423,396.74333333333334,438.9166666666667,457.81756756756755,503.59298245614036,
1,-1303027.6543653768,-0.9075,,1,2,4,3,2,393.3781818181818,398.3707482993197,438.5209003215434,458.664406779661,505.6,275.0,294.0,311.0,295.0,320.0,392.28727272727275,397.2721088435374,437.44372990353696,457.6474576271186,504.6,
2,-1285168.4694183199,-0.90875,,4,0,2,1,3,393.61805555555554,397.5536912751678,438.4967320261438,571.1540983606558,506.3211920529801,288.0,298.0,306.0,305.0,302.0,392.375,396.3993288590604,437.4967320261438,457.3081967213115,505.3211920529801,
2,-1253629.612415092,-0.9175,,4,1,2,2,1,393.3851851851852,397.6885813148789,440.0726643598616,458.2394822006473,593.8668941979522,270.0,289.0,289.0,309.0,293.0,392.24074074074076,396.46712802768167,439.05882352941177,457.2330097087379,501.8600682593857,
2,-1275207.07851376,-0.91125,,0,4,3,3,0,396.1666666666667,397.926517571885,442.04428044280445,458.58843537414964,594.3697183098592,288.0,313.0,271.0,294.0,284.0,393.3645833333333,396.7859424920128,440.98523985239854,457.58843537414964,581.7711267605633,
2,-1254216.1773865912,-0.91375,,3,3,2,3,0,393.5210355987055,398.0774647887324,436.5508196721311,455.4021352313167,500.3046594982079,309.0,284.0,305.0,281.0,279.0,392.3462783171521,396.9119718309859,435.4622950819672,454.3914590747331,499.2974910394265,
2,-1283503.1806488524,-0.91,,4,1,3,0,4,393.7109634551495,396.7269736842105,440.3780918727915,559.0584415584416,505.64401294498384,301.0,304.0,283.0,308.0,309.0,392.6146179401993,395.6875,439.35335689045934,457.8051948051948,504.64401294498384,
2,-1274526.722656776,-0.9125,,1,2,1,3,3,392.76897689768975,396.70818505338076,541.9123376623377,456.0445205479452,504.87296416938113,303.0,281.0,308.0,292.0,307.0,391.62706270627064,395.576512455516,437.9253246753247,455.0445205479452,503.87296416938113,
2,-1290744.9948764169,-0.895,,4,1,1,3,2,393.40683229813664,397.83056478405314,533.0198675496689,456.7733333333333,502.1258503401361,322.0,301.0,302.0,300.0,294.0,392.2670807453416,396.66777408637876,439.18543046357615,455.76666666666665,501.1258503401361,
2,-1288961.7639647815,-0.9075,,1,4,3,1,3,394.7606557377049,397.73972602739724,438.16326530612247,565.2007042253521,506.534375,305.0,292.0,294.0,284.0,320.0,393.61639344262295,396.5924657534247,437.10884353741494,457.22535211267603,505.534375,
3,-1237695.296199024,-0.91625,,0,1,1,4,1,394.1768953068592,479.6689189189189,590.0807017543859,457.5394736842105,672.0072463768116,277.0,296.0,285.0,304.0,276.0,393.11191335740074,397.3682432432432,438.6070175438596,456.5230263157895,502.2173913043478,
3,-1249262.2752063442,-0.91375,,1,0,2,4,2,393.8095238095238,481.61870503597123,439.48972602739724,458.01079136690646,503.0374149659864,294.0,278.0,292.0,278.0,294.0,392.7040816326531,396.43884892086334,438.3595890410959,457.01079136690646,502.0374149659864,
3,-1255891.2628095038,-0.91125,,4,1,2,3,1,393.1875,397.36655948553056,440.1684210526316,455.9818181818182,604.1648745519714,288.0,311.0,285.0,275.0,279.0,392.1145833333333,396.2893890675241,439.12280701754383,454.9381818181818,498.0501792114695,
3,-1285087.4041523037,-0.89875,,4,0,2,2,2,394.363321799308,397.4607508532423,437.3044982698962,458.45051194539246,505.6986301369863,289.0,293.0,289.0,293.0,292.0,393.2283737024221,396.3856655290102,436.2871972318339,457.43686006825936,504.6986301369863,
3,-1283008.686951685,-0.90375,,1,4,2,3,0,393.53015873015875,396.35172413793106,441.14539007092196,457.68531468531467,600.4981549815498,315.0,290.0,282.0,286.0,271.0,392.32698412698414,395.28275862068966,440.14539007092196,456.67832167832165,499.62730627306274,
3,-1269966.2051332947,-0.90625,,1,2,3,3,0,394.3429602888087,397.6784565916399,436.7071651090343,458.546875,592.1777777777778,277.0,311.0,321.0,256.0,270.0,393.2671480144404,396.5980707395498,435.62928348909657,457.546875,496.8037037037037,
3,-1282499.4006797215,-0.905,,2,3,2,3,2,394.538961038961,399.27852348993287,440.46180555555554,459.7373417721519,506.7448979591837,308.0,298.0,288.0,316.0,294.0,393.4448051948052,398.0402684563758,439.40625,458.7373417721519,505.7448979591837,
4,-1232865.7008173969,-0.915,,4,1,1,2,4,393.12068965517244,398.5943060498221,518.390243902439,459.66875,508.2905405405405,290.0,281.0,287.0,320.0,296.0,391.96206896551723,397.576512455516,438.13240418118465,458.66875,507.2905405405405,
4,-1247718.0994182553,-0.91,,2,3,3,2,4,394.5520833333333,398.26797385620915,440.9793103448276,458.5371621621622,508.21864951768487,288.0,306.0,290.0,296.0,311.0,393.4583333333333,397.19607843137254,439.951724137931,457.5304054054054,507.19614147909965,
4,-1267009.0452761797,-0.90625,,3,0,4,3,1,393.82229965156796,397.63157894736844,438.77430555555554,457.340206185567,612.0859872611464,287.0,285.0,288.0,291.0,314.0,392.6864111498258,396.4736842105263,437.7604166666667,456.340206185567,502.26751592356686,
4,-1279699.687245447,-0.9025,,3,1,3,3,1,394.04234527687294,397.9084745762712,441.25082508250824,457.8550185873606,612.8566552901024,307.0,295.0,303.0,269.0,293.0,392.9315960912052,396.82372881355934,440.2178217821782,456.81040892193306,501.26962457337885,
4,-1270179.4904722804,-0.90375,,1,2,4,2,2,393.66996699669966,397.5432525951557,437.1619718309859,458.81944444444446,504.27,303.0,289.0,284.0,288.0,300.0,392.58415841584156,396.363321799308,436.11619718309856,457.81597222222223,503.26666666666665,
5,-1217401.7737010792,-0.915,,3,2,4,2,4,393.5257731958763,398.1078431372549,438.66326530612247,455.79715302491104,503.55555555555554,291.0,306.0,294.0,281.0,288.0,392.3745704467354,396.9967320261438,437.6530612244898,454.7686832740213,502.55555555555554,
5,-1226460.5104838707,-0.9125,,0,0,2,3,2,394.6183745583039,522.5647482014389,438.42402826855124,457.1438127090301,505.38461538461536,283.0,278.0,283.0,299.0,286.0,392.46643109540634,513.3920863309353,437.41342756183747,456.1170568561873,504.38461538461536,
5,-1236338.600177872,-0.91,,3,5,3,0,4,394.114006514658,397.21478873239437,441.09722222222223,458.84789644012943,508.28980891719743,307.0,284.0,288.0,309.0,314.0,392.90228013029315,396.1443661971831,440.09027777777777,457.84142394822004,507.28662420382165,
5,-1245827.543570318,-0.9075,,2,3,0,5,2,394.16037735849056,397.0408163265306,438.6006389776358,459.13937282229966,506.92605633802816,318.0,294.0,313.0,287.0,284.0,393.0157232704403,395.9387755102041,437.57507987220447,458.13240418118465,505.92605633802816,
5,-1245602.6734521298,-0.90875,,3,0,2,1,1,395.12,398.8111455108359,439.7279151943463,556.2586206896551,644.0893617021277,275.0,323.0,283.0,290.0,235.0,393.92,397.76780185758514,438.6148409893993,457.3689655172414,496.08936170212763,
5,-1264559.4016577338,-0.90625,,4,1,1,3,0,393.64285714285717,397.25429553264604,524.9898648648649,457.88214285714287,642.1326164874552,280.0,291.0,296.0,280.0,279.0,392.37142857142857,396.0996563573883,440.43581081081084,456.875,499.6774193548387,
5,-1278375.3314657079,-0.8975,,3,1,3,0,3,393.33112582781456,397.037037037037,440.0721003134796,588.3731884057971,505.99649122807017,302.0,297.0,319.0,276.0,285.0,392.15562913907286,395.993265993266,438.97492163009406,459.5326086956522,504.99649122807017,
5,-1269957.5064198493,-0.9025,,3,1,3,0,1,393.45454545454544,398.75657894736844,441.4083044982699,573.7908496732026,661.4329501915709,286.0,304.0,289.0,306.0,261.0,392.27272727272725,397.7203947368421,440.29065743944636,458.2843137254902,500.5478927203065,
6,-1205448.0568582125,-0.91125,,2,4,3,3,4,393.0071174377224,396.55743243243245,436.3592233009709,455.9340659340659,504.12454212454213,281.0,296.0,309.0,273.0,273.0,391.7615658362989,395.40202702702703,435.28155339805824,454.9230769230769,503.12454212454213,
6,-1239106.203711287,-0.90875,,3,1,3,5,0,393.5164835164835,395.9306930693069,435.73867595818814,458.37377049180327,598.2406015037594,273.0,303.0,287.0,305.0,266.0,392.35531135531136,394.7821782178218,434.65156794425087,457.37377049180327,498.4624060150376,
6,-1261973.5119201634,-0.905,,2,3,3,2,2,393.6690909090909,397.2647058823529,438.34859154929575,458.32142857142856,507.5337620578778,275.0,306.0,284.0,308.0,311.0,392.5090909090909,396.1928104575163,437.3098591549296,457.2987012987013,506.524115755627,
6,-1260523.3207339693,-0.90625,,3,0,1,3,1,394.0838709677419,400.0101694915254,535.4509803921569,459.068345323741,683.6461538461539,310.0,295.0,306.0,278.0,260.0,392.76774193548385,398.928813559322,437.7450980392157,458.068345323741,506.03846153846155,
6,-1263858.1150990971,-0.90375,,2,3,3,3,3,394.7168458781362,396.4877192982456,436.3731884057971,457.08813559322033,499.33009708737865,279.0,285.0,276.0,295.0,309.0,393.663082437276,395.3333333333333,435.3695652173913,456.08813559322033,498.3268608414239,
6,-1276963.8742688322,-0.89625,,3,1,3,3,3,393.06206896551726,397.18954248366015,441.9493243243243,458.8873720136519,506.7986111111111,290.0,306.0,296.0,293.0,288.0,391.8965517241379,396.1111111111111,440.94256756756755,457.8873720136519,505.7986111111111,
6,-1275909.0755754083,-0.8975,,4,0,3,1,3,393.75320512820514,398.55956678700363,438.23674911660777,551.3221476510067,506.135593220339,312.0,277.0,283.0,298.0,295.0,392.62820512820514,397.45487364620936,437.1554770318021,455.4496644295302,505.135593220339,
7,-1203757.9929182916,-0.91125,,5,5,3,1,3,395.02258064516127,399.0310344827586,441.0673758865248,458.0858085808581,500.85897435897436,310.0,290.0,282.0,303.0,312.0,393.85806451612905,397.9655172413793,440.0673758865248,457.0825082508251,499.85897435897436,
7,-1274944.264106636,-0.87625,,2,1,3,3,3,393.0243902439024,396.7322033898305,439.30333333333334,458.9297658862876,503.26644736842104,287.0,295.0,300.0,299.0,304.0,391.86062717770034,395.59322033898303,438.26666666666665,457.9163879598662,502.26644736842104,
7,-1269940.5079119387,-0.89125,,4,0,2,1,1,394.14878892733566,398.202614379085,436.60283687943263,566.1,677.3180212014134,289.0,306.0,282.0,300.0,283.0,393.1038062283737,397.10130718954247,435.56028368794324,455.42,496.09187279151945,
7,-1229427.5168558673,-0.90875,,1,0,2,1,0,395.04333333333335,486.78892733564015,440.42033898305084,616.8350515463917,731.4041666666667,300.0,289.0,295.0,291.0,240.0,393.00666666666666,397.20415224913495,439.35593220338984,455.8556701030928,618.5833333333334,
7,-1238717.2598379985,-0.9075,,1,3,1,0,0,394.9258064516129,398.3956043956044,549.0378006872852,606.8993288590603,733.4285714285714,310.0,273.0,291.0,298.0,238.0,393.0741935483871,397.2600732600733,438.4914089347079,458.3859060402685,679.0420168067227,
7,-1262670.7852077205,-0.90375,,4,1,1,4,1,394.496644295302,397.89084507042253,535.9507692307692,457.76129032258063,649.4656488549618,298.0,284.0,325.0,310.0,262.0,393.36577181208054,396.7711267605634,436.17846153846153,456.76129032258063,496.79007633587787,
7,-1269125.6536555975,-0.895,,2,1,2,3,2,393.90634441087616,398.02527075812276,436.82078853046596,457.625,504.61209964412814,331.0,277.0,279.0,288.0,281.0,392.607250755287,396.913357400722,435.7885304659498,456.60069444444446,503.6014234875445,
