0,-1635488.2801320518,-0.913125,,0,0,0,1,0,393.2343234323432,397.7244897959184,469.0508474576271,512.2837837837837,599.063829787234,303.0,294.0,295.0,296.0,282.0,392.1188118811881,396.2925170068027,462.78983050847455,455.42905405405406,570.8085106382979,
0,-1665135.7279358269,-0.9007812500000001,,1,0,0,1,2,393.7979797979798,398.51525423728816,463.86601307189545,508.07911392405066,507.2,297.0,295.0,306.0,316.0,305.0,392.67676767676767,397.3762711864407,437.6111111111111,457.75,506.2,
0,-1647235.3079895661,-0.9093164062500001,,1,0,0,1,2,394.43771043771045,396.8101694915254,457.2086092715232,510.48397435897436,504.39666666666665,297.0,295.0,302.0,312.0,300.0,393.3097643097643,395.6542372881356,436.07284768211923,456.77884615384613,503.39,
0,-1659683.157904188,-0.90140625,,1,0,0,1,0,392.96153846153845,397.9203821656051,463.54258675078864,512.8908450704225,588.9746031746032,286.0,314.0,317.0,284.0,315.0,391.8076923076923,396.70382165605093,437.54574132492115,454.7922535211268,544.0761904761905,
0,-1489091.777241356,-0.9143749999999999,,2,4,5,2,0,393.18402777777777,396.9569892473118,434.9799331103679,458.3220338983051,506.3544303797468,288.0,279.0,299.0,295.0,316.0,392.0,395.89605734767025,433.9464882943144,457.30169491525425,505.34177215189874,
1,-1583246.5688998634,-0.9099999999999999,,3,2,2,2,0,394.53951890034364,397.6161616161616,438.88925081433223,458.2032258064516,503.6290322580645,291.0,297.0,307.0,310.0,310.0,393.41237113402065,396.55218855218857,437.86319218241044,457.1548387096774,502.6290322580645,
1,-1570124.796708443,-0.9125,,3,2,0,0,2,392.69594594594594,397.53846153846155,438.95076923076925,457.23228346456693,499.42652329749103,296.0,286.0,325.0,254.0,279.0,391.5371621621622,396.43706293706293,437.8246153846154,456.2007874015748,498.42652329749103,
1,-1639381.013581752,-0.9065624999999999,,2,0,0,0,1,393.5302013422819,397.8958333333333,438.81962025316454,498.0234899328859,545.3863636363636,298.0,288.0,316.0,298.0,308.0,392.39261744966444,396.7708333333333,437.67088607594934,485.36241610738256,501.28246753246754,
1,-1642242.706508019,-0.9025,,0,0,0,0,1,392.8051948051948,398.3992805755396,468.8932384341637,536.3814102564103,574.2978056426332,308.0,278.0,281.0,312.0,319.0,391.56493506493507,396.94604316546764,458.729537366548,526.9583333333334,503.0313479623824,
1,-1629700.5063012217,-0.9092944335937501,,0,2,0,1,1,393.19407894736844,398.23972602739724,437.719723183391,478.1818181818182,544.2352941176471,304.0,292.0,289.0,308.0,323.0,391.98355263157896,397.11986301369865,436.62629757785464,457.4318181818182,500.42105263157896,
1,-1654384.5803353372,-0.9013916015625001,,1,0,0,1,2,394.31481481481484,398.9547038327526,469.8045602605863,517.2943143812709,505.40705128205127,324.0,287.0,307.0,299.0,312.0,393.1388888888889,397.86062717770034,438.3485342019544,458.1304347826087,504.40705128205127,
2,-1559686.2593378695,-0.9125,,5,0,2,0,1,391.8543046357616,397.60333333333335,440.35191637630663,456.73559322033896,519.9649122807018,302.0,300.0,287.0,295.0,285.0,390.62582781456956,396.49666666666667,439.25783972125436,455.7322033898305,500.05263157894734,
2,-1565767.2269924032,-0.909375,,0,3,0,2,0,392.59183673469386,398.13961038961037,440.027397260274,456.69516728624535,535.2289562289562,294.0,308.0,292.0,269.0,297.0,391.3537414965986,397.0357142857143,439.013698630137,455.64684014869886,526.7575757575758,
2,-1641603.5664128563,-0.9022656250000001,,1,0,0,1,2,394.7142857142857,397.31929824561405,463.0289389067524,519.7854671280277,503.56934306569343,301.0,285.0,311.0,289.0,274.0,393.3887043189369,396.2,437.8617363344051,458.1384083044983,502.56934306569343,
2,-1627637.0521287094,-0.906875,,0,2,0,1,0,393.38795986622074,398.43243243243245,437.29065743944636,485.06472491909386,568.6907894736842,299.0,296.0,289.0,309.0,304.0,392.1304347826087,397.3614864864865,436.05190311418687,458.19417475728153,541.0361842105264,
2,-1605992.0561690722,-0.90810546875,,0,2,0,1,1,394.89310344827584,397.16610169491526,436.06643356643355,479.4336569579288,547.6038338658147,290.0,295.0,286.0,309.0,313.0,393.8,396.0983050847458,434.96153846153845,457.93851132686086,499.6517571884984,
2,-1629552.821186893,-0.9042187500000001,,1,0,0,0,1,394.64359861591697,397.5111111111111,468.8196721311475,536.1075268817204,572.9093959731543,289.0,315.0,305.0,279.0,298.0,393.57439446366783,396.1873015873016,438.60983606557375,502.04659498207883,502.60738255033556,
2,-1583384.1636219402,-0.90875,,3,0,0,0,2,393.2251655629139,397.56776556776555,439.3881578947368,497.81978798586573,499.45205479452056,302.0,273.0,304.0,283.0,292.0,391.97350993377484,396.45787545787545,438.3421052631579,489.3286219081272,498.4178082191781,
2,-1651949.6577748922,-0.889375,,1,0,0,1,2,393.4530201342282,396.3910034602076,465.3771626297578,513.0511945392492,504.3453947368421,298.0,289.0,289.0,293.0,304.0,392.3154362416107,395.1799307958477,437.7370242214533,456.13651877133105,503.3453947368421,
2,-1644563.671603736,-0.8915625,,1,0,0,1,2,393.36241610738256,397.0424836601307,471.6303630363036,508.04545454545456,503.96028880866425,298.0,306.0,303.0,286.0,277.0,392.18120805369125,395.9477124183006,437.4191419141914,457.45104895104896,502.94584837545125,
3,-1409983.6163788135,-0.910625,,6,0,3,4,3,393.6917808219178,398.1197411003236,438.60128617363347,458.88070175438594,505.660777385159,292.0,309.0,311.0,285.0,283.0,392.6027397260274,397.07766990291265,437.56913183279744,457.88070175438594,504.65017667844523,
3,-1630938.235470085,-0.8990625000000001,,1,0,0,1,1,392.26573426573424,396.8913738019169,456.1722972972973,515.3593220338983,563.9023569023569,286.0,313.0,296.0,295.0,297.0,391.1223776223776,395.6996805111821,436.9189189189189,454.5966101694915,501.3265993265993,
3,-1632946.540751014,-0.893125,,0,1,3,1,0,393.2551020408163,398.56293706293707,437.5448275862069,478.75850340136054,544.7788461538462,294.0,286.0,290.0,294.0,312.0,392.06802721088434,397.54895104895104,436.5344827586207,457.2857142857143,503.21794871794873,
3,-1616258.392455359,-0.905625,,2,0,0,1,2,394.1167192429022,397.48813559322036,440.42483660130716,488.711743772242,501.22108843537416,317.0,295.0,306.0,281.0,294.0,392.9684542586751,396.32881355932204,439.3627450980392,456.2277580071174,500.22108843537416,
3,-1592441.5015413004,-0.90625,,2,0,0,1,2,392.9540636042403,397.54340836012864,436.9006622516556,481.92727272727274,501.6479400749064,283.0,311.0,302.0,275.0,267.0,391.77031802120143,396.37299035369773,435.82781456953643,453.60727272727274,500.6479400749064,
3,-1626260.4425612185,-0.9034472656250001,,0,0,0,1,0,393.42244224422444,396.619926199262,455.53559322033897,509.40776699029124,598.2567567567568,303.0,271.0,295.0,309.0,296.0,392.03960396039605,395.1845018450185,451.0813559322034,455.24271844660194,574.2567567567568,
3,-1628174.043927914,-0.9009375,,0,0,0,0,1,394.3168316831683,397.7695035460993,475.8103448275862,533.9106529209622,567.7443365695793,303.0,282.0,290.0,291.0,309.0,393.2145214521452,396.52127659574467,462.82068965517243,523.8625429553265,503.51132686084145,
3,-1573669.5636668159,-0.9081250000000001,,0,4,0,1,1,394.6655290102389,396.7765151515151,439.5064102564103,478.53559322033897,554.1666666666666,293.0,264.0,312.0,295.0,282.0,393.54948805460754,395.6136363636364,438.4294871794872,456.19322033898305,505.84397163120565,
4,-1407214.2059920714,-0.909375,,6,2,0,4,0,394.0833333333333,397.77966101694915,438.08474576271186,458.45544554455444,505.52142857142854,276.0,295.0,295.0,303.0,280.0,392.93840579710144,396.62033898305083,436.9728813559322,457.4059405940594,504.52142857142854,
4,-1629986.715404514,-0.894921875,,1,0,0,0,2,393.8623188405797,398.68471337579615,470.0032894736842,527.3730407523511,505.54035087719296,276.0,314.0,304.0,319.0,285.0,392.67028985507244,397.46815286624206,438.88486842105266,503.37931034482756,504.54035087719296,
4,-1611143.990828318,-0.9056249999999999,,0,0,0,1,1,393.3207547169811,399.03065134099614,474.8551724137931,506.6715328467153,559.1216216216217,318.0,261.0,290.0,274.0,296.0,392.02830188679246,397.7471264367816,469.2586206896552,455.8759124087591,499.10472972972974,
4,-1623929.0093446157,-0.903125,,2,0,0,0,1,392.94462540716614,397.94871794871796,436.65202702702703,486.9965397923875,546.671875,307.0,273.0,296.0,289.0,320.0,391.7459283387622,396.8534798534798,435.52702702702703,482.3252595155709,505.528125,
4,-1625313.7447791188,-0.9015625,,0,2,0,1,0,393.6862745098039,397.5807560137457,437.03237410071944,484.16262975778545,555.2451612903226,306.0,291.0,278.0,289.0,310.0,392.52287581699346,396.53264604810994,435.83812949640287,458.38062283737025,529.1225806451613,
4,-1627406.800708369,-0.900546875,,1,0,0,1,3,393.89966555183946,397.3139931740614,466.6666666666667,519.0341296928327,502.359756097561,299.0,293.0,291.0,293.0,328.0,392.81939799331104,396.1160409556314,437.74226804123714,459.19112627986345,501.3323170731707,
4,-1569233.7684331783,-0.90625,,3,2,2,2,0,394.1063829787234,399.2027972027972,437.31715210355986,458.38486842105266,504.7279151943463,282.0,286.0,309.0,304.0,283.0,392.9929078014184,398.09090909090907,436.28155339805824,457.38486842105266,503.7279151943463,
4,-1467277.883875359,-0.9075,,0,4,2,2,4,393.5704918032787,398.5477941176471,438.1647509578544,458.48,504.62080536912754,305.0,272.0,261.0,300.0,298.0,392.41967213114754,397.37132352941177,437.09961685823754,457.44666666666666,503.62080536912754,
5,-1392779.2294662115,-0.908125,,6,5,2,0,3,394.44625407166126,397.4675767918089,437.50847457627117,457.7212543554007,506.80707395498393,307.0,293.0,295.0,287.0,311.0,393.25081433224756,396.43003412969284,436.4271186440678,456.68989547038325,505.80707395498393,
5,-1392779.2294662115,-0.908125,,6,5,2,0,3,393.80582524271847,396.9342105263158,438.7815699658703,459.6336996336996,505.12091503267976,309.0,304.0,293.0,273.0,306.0,392.7346278317152,395.7993421052632,437.74402730375425,458.6336996336996,504.12091503267976,
5,-1629156.8146858355,-0.8925000000000001,,1,0,0,1,1,393.1324503311258,397.7455197132617,466.12820512820514,508.08150470219437,567.8476821192053,302.0,279.0,273.0,319.0,302.0,391.92715231788077,396.64516129032256,438.27838827838826,455.9435736677116,501.57284768211923,
5,-1629382.6169498786,-0.88625,,2,0,1,1,0,393.9078947368421,397.8082191780822,438.12,477.791519434629,555.4823151125402,304.0,292.0,300.0,283.0,311.0,392.75,396.7328767123288,437.06666666666666,455.58303886925796,502.2861736334405,
5,-1595827.103473897,-0.9053125,,1,2,0,1,0,393.4113475177305,397.9622641509434,437.75324675324674,485.34129692832767,543.6743421052631,282.0,265.0,308.0,293.0,304.0,392.2340425531915,396.9132075471698,436.6753246753247,457.29010238907847,500.9375,
5,-1606200.7479040008,-0.905,,3,2,0,3,0,393.62589928057554,398.7788778877888,440.57371794871796,458.8980263157895,503.57142857142856,278.0,303.0,312.0,304.0,308.0,392.51079136690646,397.7161716171617,439.5416666666667,457.8782894736842,502.5584415584416,
5,-1613592.3318622762,-0.903125,,1,2,0,0,1,393.8705035971223,398.4407894736842,439.7879746835443,482.92198581560285,544.6631205673759,278.0,304.0,316.0,282.0,282.0,392.7661870503597,397.41776315789474,438.7246835443038,456.51418439716315,500.56028368794324,
5,-1613592.3318622762,-0.903125,,1,2,0,0,1,394.3249097472924,398.6782334384858,439.9019607843137,477.01428571428573,548.9967845659164,277.0,317.0,306.0,280.0,311.0,393.2490974729242,397.5646687697161,438.89869281045753,456.75357142857143,501.363344051447,
5,-1627020.3139802366,-0.8981250000000001,,1,1,0,1,0,394.4836363636364,398.9771986970684,470.61774744027304,510.96245733788396,570.5116279069767,275.0,307.0,293.0,293.0,301.0,393.4,397.88925081433223,439.6518771331058,456.9146757679181,506.69102990033224,
5,-1625751.2072394574,-0.9000011644797087,,1,0,0,1,2,393.24919093851133,397.94237288135594,463.4673202614379,521.4676258992806,499.98581560283685,309.0,295.0,306.0,278.0,282.0,392.02912621359224,396.76949152542375,438.0261437908497,459.3561151079137,498.97163120567376,
5,-1626801.3928470553,-0.8986279296875,,0,0,0,0,1,393.89644012944984,398.43050847457624,477.0809061488673,549.7755775577558,579.2161172161173,309.0,295.0,309.0,303.0,273.0,392.546925566343,396.98644067796613,467.88349514563106,540.7986798679868,509.45787545787545,
6,-1191212.6207949598,-0.90625,,6,4,6,4,3,394.55902777777777,398.35335689045934,438.53472222222223,457.9703947368421,505.0686274509804,288.0,283.0,288.0,304.0,306.0,393.40277777777777,397.26148409893995,437.5138888888889,456.9243421052632,504.0686274509804,
6,-1628612.449087827,-0.88970703125,,1,0,0,0,0,394.4253246753247,399.81949458483757,462.6949152542373,530.7658862876254,601.5653594771242,308.0,277.0,295.0,299.0,306.0,393.25,398.03971119133575,436.1457627118644,498.95652173913044,577.4183006535948,
6,-1457969.8356992202,-0.905,,6,2,1,4,0,394.5615141955836,396.8686868686869,435.4607142857143,459.11744966442956,504.9934426229508,317.0,297.0,280.0,298.0,305.0,393.4384858044164,395.80808080808083,434.4535714285714,458.11744966442956,503.9934426229508,
