0,-1298477.8848350015,-0.91375,,0,3,3,3,2,393.5821917808219,398.7291666666667,440.92483660130716,457.99655172413793,502.1645161290323,292.0,288.0,306.0,290.0,310.0,392.40410958904107,397.69444444444446,439.8562091503268,456.96206896551723,501.1645161290323,
0,-1218615.5674303449,-0.92625,,3,5,4,1,2,393.5931034482759,398.8241379310345,442.56591639871385,458.762987012987,508.8854166666667,290.0,290.0,311.0,308.0,288.0,392.451724137931,397.7896551724138,441.54340836012864,457.7402597402597,507.875,
0,-1290060.5293098271,-0.91625,,1,0,5,3,3,391.78745644599303,486.7415384615385,438.625,458.6930693069307,502.6555183946488,287.0,325.0,312.0,303.0,299.0,390.588850174216,395.91076923076923,437.59935897435895,457.65676567656766,501.6555183946488,
0,-1257848.3310879546,-0.91875,,3,4,4,0,0,394.04651162790697,398.2108843537415,437.9222972972973,458.59322033898303,623.5457746478874,301.0,294.0,296.0,295.0,284.0,392.85714285714283,397.10884353741494,436.8716216216216,457.4406779661017,601.637323943662,
0,-1246543.767711373,-0.92375,,1,0,4,5,1,393.72093023255815,494.75083056478405,438.9506578947368,459.625,636.3619402985074,301.0,301.0,304.0,304.0,268.0,392.56810631229234,397.80066445182723,437.9144736842105,458.61842105263156,500.89179104477614,
1,-1295364.6894618606,-0.91375,,2,4,3,3,2,394.1543859649123,397.03654485049833,438.83274021352315,458.7202380952381,503.51724137931035,285.0,301.0,281.0,336.0,319.0,393.03508771929825,395.92691029900334,437.7366548042705,457.69642857142856,502.51724137931035,
1,-1260304.8251492695,-0.91625,,1,0,1,3,4,393.8019801980198,475.19217081850536,578.2567567567568,457.07612456747404,501.10702341137124,303.0,281.0,296.0,289.0,299.0,392.65676567656766,396.270462633452,436.8716216216216,456.02076124567475,500.10702341137124,
1,-1286785.1509037302,-0.915,,3,0,2,3,0,393.6363636363636,398.0472972972973,438.49201277955274,458.84722222222223,606.3923076923077,297.0,296.0,313.0,288.0,260.0,392.4713804713805,395.7635135135135,437.4600638977636,457.84027777777777,582.7307692307693,
1,-1239948.6274481856,-0.92375,,3,3,3,5,1,393.1161290322581,396.9342105263158,437.9193548387097,458.4496402877698,500.8397212543554,310.0,304.0,310.0,278.0,287.0,391.94193548387096,395.79276315789474,436.8032258064516,457.43884892086334,499.8397212543554,
2,-1295311.863865366,-0.90875,,1,3,3,3,2,394.2842809364549,398.43003412969284,437.9207920792079,457.5286195286195,504.8256578947368,299.0,293.0,303.0,297.0,304.0,393.18394648829434,397.1808873720137,436.8712871287129,456.5084175084175,503.8157894736842,
2,-1293077.123265832,-0.91125,,2,2,3,4,2,393.80546075085323,397.25,438.33753943217664,457.9078947368421,505.35643564356434,293.0,288.0,317.0,304.0,303.0,392.74744027303757,396.1111111111111,437.3154574132492,456.9013157894737,504.35643564356434,
2,-1251802.343662053,-0.915,,1,1,1,3,2,394.63389830508476,479.6182432432432,599.4417177914111,458.3253424657534,505.88380281690144,295.0,296.0,326.0,292.0,284.0,393.4779661016949,396.13513513513516,440.61042944785277,457.3013698630137,504.88380281690144,
2,-1277996.4727901472,-0.91375,,0,3,1,4,1,394.0032258064516,397.39935064935065,542.4021739130435,458.06418918918916,649.0553505535055,310.0,308.0,276.0,296.0,271.0,392.78709677419357,396.3538961038961,438.1231884057971,457.06418918918916,499.79335793357933,
2,-1238250.7207875147,-0.92125,,0,2,1,5,4,393.39473684210526,398.3455149501661,541.8874598070739,458.20062695924764,506.6275862068965,304.0,301.0,311.0,319.0,290.0,392.33223684210526,397.24916943521595,440.3762057877814,457.19749216300943,505.6275862068965,
3,-1281552.110718017,-0.91,,1,2,4,2,0,394.90140845070425,398.35179153094464,439.8692810457516,458.00323624595467,592.5678571428572,284.0,307.0,306.0,309.0,280.0,393.80281690140845,397.1758957654723,438.83986928104576,457.00323624595467,502.0107142857143,
3,-1292384.4342200179,-0.905,,1,0,3,3,3,393.1803278688525,492.9353741496599,440.97849462365593,456.7368421052632,497.4083044982699,305.0,294.0,279.0,304.0,289.0,392.072131147541,396.9829931972789,439.9605734767025,455.7105263157895,496.4083044982699,
3,-1292710.1033669575,-0.89875,,4,0,2,3,2,393.98581560283685,397.0531914893617,436.2138157894737,456.25,503.27891156462584,282.0,282.0,304.0,308.0,294.0,392.8936170212766,395.89716312056737,435.1907894736842,455.2305194805195,502.27891156462584,
3,-1270178.2521245722,-0.91125,,3,0,4,2,1,393.9097472924188,397.7587412587413,439.80511182108626,458.7826086956522,599.8855218855219,277.0,286.0,313.0,299.0,297.0,392.76895306859205,396.66083916083915,438.741214057508,457.7826086956522,503.003367003367,
3,-1258793.7081371625,-0.9125,,1,3,1,2,4,393.8541666666667,397.90705128205127,538.5357142857143,456.52145214521454,502.128125,288.0,312.0,280.0,303.0,320.0,392.6770833333333,396.81410256410254,436.6535714285714,455.4125412541254,501.128125,
3,-1214804.5909858523,-0.9175,,2,3,3,4,1,393.51624548736464,396.7590759075908,439.1735015772871,459.97047970479707,504.46078431372547,277.0,303.0,317.0,271.0,306.0,392.3465703971119,395.6006600660066,438.0694006309148,458.9483394833948,503.46078431372547,
3,-1233104.6417149983,-0.91625,,0,2,1,1,4,393.26229508196724,397.36544850498336,563.2566666666667,635.7508896797153,502.15434083601286,305.0,301.0,300.0,281.0,311.0,392.04918032786884,396.2425249169435,440.2733333333333,455.3985765124555,501.1511254019293,
3,-1237872.9604773554,-0.91375,,1,0,1,3,2,393.1058394160584,470.25,592.2561403508772,457.486013986014,505.88666666666666,274.0,312.0,285.0,286.0,300.0,391.82481751824815,396.62820512820514,439.13684210526316,456.458041958042,504.88666666666666,
4,-1277666.9174771889,-0.90625,,1,3,3,2,0,393.01623376623377,397.94827586206895,439.7630662020906,457.7986111111111,598.6902985074627,308.0,290.0,287.0,288.0,268.0,391.8084415584416,396.9068965517241,438.69337979094075,456.77430555555554,499.7649253731343,
4,-1274797.4496055346,-0.9075,,3,0,2,2,2,394.01374570446734,398.3456375838926,441.22525597269623,457.97923875432525,502.8205980066445,291.0,298.0,293.0,289.0,301.0,392.86941580756013,397.23489932885906,440.1535836177474,456.97923875432525,501.797342192691,
4,-1281550.6620754893,-0.905,,1,2,3,0,2,393.7704402515723,398.75577557755776,440.3941368078176,559.0494296577947,500.07246376811594,318.0,303.0,307.0,263.0,276.0,392.62893081761007,397.6930693069307,439.35504885993487,456.95817490494295,499.07246376811594,
4,-1283275.925319045,-0.90375,,3,3,3,0,1,393.43564356435644,398.65676567656766,438.9136212624585,458.30272108843536,616.7940199335549,303.0,303.0,301.0,294.0,301.0,392.26732673267327,397.6171617161716,437.86710963455147,457.2687074829932,508.24916943521595,
4,-1290560.5988231425,-0.8975,,3,0,4,3,1,393.4626334519573,397.9025974025974,439.6267605633803,458.13898305084746,611.2403846153846,281.0,308.0,284.0,295.0,312.0,392.30249110320284,396.8181818181818,438.61619718309856,457.12203389830506,499.63461538461536,
4,-1291120.3295247916,-0.895,,1,3,3,0,2,393.80130293159607,397.36842105263156,439.4033333333333,567.5924657534247,504.01374570446734,307.0,285.0,300.0,292.0,291.0,392.671009771987,396.16491228070174,438.4033333333333,457.3664383561644,503.0034364261168,
4,-1265262.0090198843,-0.91,,3,0,0,3,2,393.9550173010381,397.755033557047,557.1066176470588,457.3310810810811,501.312292358804,289.0,298.0,272.0,296.0,301.0,392.7993079584775,395.9496644295302,541.4117647058823,456.3310810810811,500.30564784053155,
4,-1270020.1997314491,-0.90875,,3,0,4,3,4,393.578073089701,397.4201388888889,439.9503105590062,459.6546762589928,501.9233449477352,301.0,288.0,322.0,278.0,287.0,392.53820598006644,396.2395833333333,438.8944099378882,458.6223021582734,500.9233449477352,
4,-1257314.8416420403,-0.9125,,0,0,3,3,2,394.3488372093023,523.8821548821549,441.3985765124555,458.27868852459017,505.779359430605,301.0,297.0,281.0,305.0,281.0,392.1827242524917,510.6094276094276,440.3950177935943,457.27868852459017,504.779359430605,
4,-1208481.2209832224,-0.915,,1,0,0,5,1,393.6969696969697,493.9386281588448,625.7491408934708,456.0851735015773,696.2996389891697,297.0,277.0,291.0,317.0,277.0,391.91582491582494,395.7581227436823,573.512027491409,455.0757097791798,501.7942238267148,
5,-1273779.1621464547,-0.90625,,5,0,4,3,0,393.4902597402597,399.9872611464968,437.74333333333334,458.32797427652736,627.8037037037037,308.0,314.0,300.0,311.0,270.0,392.3084415584416,398.0732484076433,436.64,457.32797427652736,597.825925925926,
5,-1276389.9274713837,-0.905,,5,0,2,3,2,393.7594501718213,398.2307692307692,437.4520123839009,459.90425531914894,508.41438356164383,291.0,299.0,323.0,282.0,292.0,392.6185567010309,397.123745819398,436.4241486068112,458.90425531914894,507.41438356164383,
5,-1282918.5525067658,-0.9,,3,0,1,3,0,393.3704918032787,398.95098039215685,538.7171717171717,458.8956228956229,688.9731800766283,305.0,306.0,297.0,297.0,261.0,392.1311475409836,396.6732026143791,438.7037037037037,457.8686868686869,604.2298850574713,
5,-1284895.280211902,-0.895,,1,0,4,3,2,394.20819112627987,492.1980198019802,438.822695035461,457.92459016393445,501.2879746835443,293.0,303.0,282.0,305.0,316.0,393.0887372013652,395.94719471947195,437.79787234042556,456.8885245901639,500.2879746835443,
5,-1285607.003869968,-0.89375,,2,0,4,2,2,393.49825783972125,397.98996655518397,441.16901408450707,457.93506493506493,510.2,287.0,299.0,284.0,308.0,280.0,392.37979094076655,396.87290969899664,440.0774647887324,456.8961038961039,509.2,
5,-1264851.3980550603,-0.91,,0,3,5,3,2,394.42508710801394,398.4019292604502,440.43831168831167,458.2551724137931,508.4257425742574,287.0,311.0,308.0,290.0,303.0,393.3135888501742,397.2733118971061,439.4253246753247,457.2413793103448,507.4257425742574,
5,-1231194.3401401197,-0.9125,,3,5,3,1,1,392.8707482993197,398.30795847750863,439.35087719298247,457.05016722408027,589.2184300341297,294.0,289.0,285.0,299.0,293.0,391.687074829932,397.28373702422147,438.3263157894737,455.9866220735786,495.67576791808875,
5,-1179630.8168950817,-0.915,,3,4,4,3,3,393.9760273972603,398.60553633217995,438.7533783783784,459.40458015267177,504.87947882736154,292.0,289.0,296.0,262.0,307.0,392.78767123287673,397.53287197231833,437.6689189189189,458.40458015267177,503.87947882736154,
5,-1201211.580835826,-0.91375,,0,0,1,5,1,394.97909407665503,517.7745454545454,594.0544217687075,458.32389937106916,695.9821428571429,287.0,275.0,294.0,318.0,280.0,392.4425087108014,499.36,438.3979591836735,457.3176100628931,503.4357142857143,
6,-1270495.516283311,-0.90625,,3,0,4,2,3,392.2,397.4154929577465,436.69896193771626,459.45,500.56081081081084,280.0,284.0,289.0,300.0,296.0,391.04285714285714,396.28521126760563,435.6955017301038,458.45,499.5472972972973,
6,-1275763.3426957857,-0.9025,,0,2,5,3,2,394.56907894736844,397.0101694915254,441.93379790940764,457.9869706840391,505.29765886287623,304.0,295.0,287.0,307.0,299.0,393.4605263157895,395.94237288135594,440.8815331010453,456.9869706840391,504.29765886287623,
6,-1273050.8886146005,-0.905,,1,1,4,4,2,393.6044776119403,479.94212218649517,438.29617834394907,458.35616438356163,501.23624595469255,268.0,311.0,314.0,292.0,309.0,392.48880597014926,395.56591639871385,437.2261146496815,457.32876712328766,500.23624595469255,
6,-1281783.7117236315,-0.89875,,1,0,3,4,2,393.34343434343435,479.0136518771331,436.1650485436893,459.1648745519713,499.13120567375887,297.0,293.0,309.0,279.0,282.0,392.18518518518516,396.27645051194537,435.14886731391584,458.1648745519713,498.13120567375887,
6,-1283796.251200679,-0.895,,2,0,4,4,2,394.44827586206895,398.8298611111111,441.79298245614035,457.7231833910035,501.0542372881356,319.0,288.0,285.0,289.0,295.0,393.2539184952978,397.71875,440.7684210526316,456.70588235294116,500.0542372881356,
6,-1263743.9118866993,-0.91,,3,3,2,3,4,394.6977491961415,397.9255319148936,437.6305084745763,458.5895765472313,503.57278481012656,311.0,282.0,295.0,307.0,316.0,393.59485530546624,396.8758865248227,436.6,457.5895765472313,502.57278481012656,
6,-1225683.8783940182,-0.91125,,5,3,1,2,4,393.62706270627064,398.86378737541526,439.64846416382255,458.9106529209622,503.8789808917197,303.0,301.0,293.0,291.0,314.0,392.4917491749175,397.8239202657807,438.5938566552901,457.9037800687285,502.8789808917197,
6,-1124144.9455167276,-0.91375,,0,0,0,5,1,395.32042253521126,516.3584229390681,574.896860986547,455.86423841059604,683.8790322580645,284.0,279.0,223.0,302.0,248.0,392.1830985915493,499.17921146953404,560.896860986547,454.8046357615894,494.0483870967742,
6,-1197292.915249325,-0.9125,,1,1,1,5,1,393.67892976588627,483.7758007117438,596.5637583892617,458.3265306122449,687.6776556776557,299.0,281.0,298.0,294.0,273.0,392.4448160535117,395.61565836298934,437.39261744966444,457.2891156462585,501.4871794871795,
