0,-1298184.3335367655,-0.925,,1,2,1,3,2,393.93333333333334,397.64444444444445,535.8155339805825,458.37953795379536,503.9968944099379,285.0,315.0,309.0,303.0,322.0,392.719298245614,396.5936507936508,438.06148867313914,457.3696369636964,502.9968944099379,
1,-1261973.5119201634,-0.905,,2,3,3,2,2,393.6690909090909,397.2647058823529,438.34859154929575,458.32142857142856,507.5337620578778,275.0,306.0,284.0,308.0,311.0,392.5090909090909,396.1928104575163,437.3098591549296,457.2987012987013,506.524115755627,
1,-1236338.600177872,-0.91,,3,5,3,0,4,394.114006514658,397.21478873239437,441.09722222222223,458.84789644012943,508.28980891719743,307.0,284.0,288.0,309.0,314.0,392.90228013029315,396.1443661971831,440.09027777777777,457.84142394822004,507.28662420382165,
1,-1203757.9929182916,-0.91125,,5,5,3,1,3,395.02258064516127,399.0310344827586,441.0673758865248,458.0858085808581,500.85897435897436,310.0,290.0,282.0,303.0,312.0,393.85806451612905,397.9655172413793,440.0673758865248,457.0825082508251,499.85897435897436,
1,-1279699.687245447,-0.9025,,3,1,3,3,1,394.04234527687294,397.9084745762712,441.25082508250824,457.8550185873606,612.8566552901024,307.0,295.0,303.0,269.0,293.0,392.9315960912052,396.82372881355934,440.2178217821782,456.81040892193306,501.26962457337885,
2,-1232245.22872206,-0.90625,,5,4,3,3,0,393.71232876712327,398.1602787456446,439.37373737373736,455.2857142857143,506.23225806451615,292.0,287.0,297.0,315.0,310.0,392.6232876712329,397.0243902439024,438.3030303030303,454.20952380952383,505.23225806451615,
2,-1234993.8105998042,-0.905,,2,5,1,3,0,392.7871621621622,398.1593220338983,439.8327526132404,458.7173144876325,584.9741697416974,296.0,295.0,287.0,283.0,271.0,391.6216216216216,397.0813559322034,438.74216027874564,457.7173144876325,498.9667896678967,
2,-1229427.5168558673,-0.90875,,1,0,2,1,0,395.04333333333335,486.78892733564015,440.42033898305084,616.8350515463917,731.4041666666667,300.0,289.0,295.0,291.0,240.0,393.00666666666666,397.20415224913495,439.35593220338984,455.8556701030928,618.5833333333334,
2,-1262338.1054890766,-0.9,,0,2,4,2,4,393.1666666666667,397.8777777777778,438.387417218543,458.9583333333333,500.2150170648464,318.0,270.0,302.0,288.0,293.0,392.07861635220127,396.81851851851854,437.36092715231786,457.9583333333333,499.2150170648464,
3,-1168245.1060283277,-0.90875,,6,0,2,2,1,393.41843971631204,398.5827814569536,438.5888888888889,457.8049645390071,563.3468634686346,282.0,302.0,270.0,282.0,271.0,392.3014184397163,397.3841059602649,437.56296296296296,456.7730496453901,497.1808118081181,
3,-1223121.930827885,-0.90625,,4,3,4,2,2,393.4707792207792,398.16906474820144,440.48852459016393,460.72402597402595,505.3492063492063,308.0,278.0,305.0,308.0,315.0,392.2922077922078,397.12589928057554,439.4754098360656,459.711038961039,504.3492063492063,
3,-1223612.6757363954,-0.89875,,1,5,1,1,3,393.59485530546624,397.87003610108303,525.0372881355933,629.8867313915857,498.96389891696754,311.0,277.0,295.0,309.0,277.0,392.4983922829582,396.6534296028881,436.44406779661017,457.6084142394822,497.96389891696754,
3,-1256788.872990658,-0.89625,,5,3,3,0,0,393.0976430976431,397.1540983606557,441.6600660066007,455.4760273972603,629.1043165467626,297.0,305.0,303.0,292.0,278.0,392.020202020202,396.0032786885246,440.65346534653463,454.1404109589041,602.2517985611511,
3,-1259062.404006132,-0.88875,,4,1,3,0,3,394.21942446043164,398.14869888475835,438.19620253164555,555.9419795221843,503.86941580756013,278.0,269.0,316.0,293.0,291.0,393.1043165467626,397.0669144981413,437.17088607594934,456.8839590443686,502.86941580756013,
4,-1207359.8346170208,-0.90375,,0,0,4,3,0,395.2120141342756,534.9212328767123,440.4750830564784,456.7033333333333,631.9181818181818,283.0,292.0,301.0,300.0,220.0,392.0388692579505,512.8390410958904,439.4186046511628,455.7033333333333,610.3272727272728,
4,-1213846.8729093648,-0.90125,,3,3,4,3,1,393.53333333333336,397.0033783783784,437.4895833333333,458.92280701754385,501.98545454545456,300.0,296.0,288.0,285.0,275.0,392.31,395.8581081081081,436.4375,457.88421052631577,500.97818181818184,
4,-1156548.9485650863,-0.90625,,3,5,2,5,2,393.6543624161074,397.12286689419795,439.61774744027304,457.30743243243245,502.5074074074074,298.0,293.0,293.0,296.0,270.0,392.5469798657718,396.0204778156997,438.59726962457336,456.2972972972973,501.5074074074074,
4,-1231166.2907471387,-0.89375,,2,0,4,2,0,392.48387096774195,398.03934426229506,439.43506493506493,458.7683397683398,616.5172413793103,279.0,305.0,308.0,259.0,261.0,391.3440860215054,396.1901639344262,438.4025974025974,457.74903474903476,594.727969348659,
4,-1248306.9483028972,-0.8925,,0,2,2,3,4,393.66889632107024,396.9793103448276,440.64918032786886,456.4270833333333,497.06642066420665,299.0,290.0,305.0,288.0,271.0,392.4782608695652,395.8586206896552,439.6131147540984,455.4270833333333,496.0405904059041,
4,-1219394.4515629068,-0.89625,,1,5,1,3,3,393.2103448275862,398.3682432432432,524.2357142857143,457.3776223776224,507.00666666666666,290.0,296.0,280.0,286.0,300.0,392.0931034482759,397.1655405405405,439.33214285714286,456.3286713286713,506.00666666666666,
5,-1211568.5406589285,-0.9,,5,2,1,3,2,392.66312056737587,397.73021582733816,437.086642599278,457.97492163009406,503.5234657039711,282.0,278.0,277.0,319.0,277.0,391.49645390070924,396.6151079136691,436.043321299639,456.9686520376176,502.5234657039711,
5,-1206737.870384587,-0.90125,,5,4,0,1,4,393.56610169491523,398.7482993197279,439.00689655172414,551.6266233766233,503.72053872053874,295.0,294.0,290.0,308.0,297.0,392.46101694915257,397.61224489795916,437.951724137931,459.12987012987014,502.6599326599327,
5,-1229184.5334439408,-0.88125,,4,0,2,1,2,392.6622516556291,397.7631578947368,440.34353741496597,563.6679245283019,503.01666666666665,302.0,266.0,294.0,265.0,300.0,391.5165562913907,396.73308270676694,439.3061224489796,455.8377358490566,502.01666666666665,
5,-1218280.6372141219,-0.89625,,1,5,1,0,4,393.33088235294116,399.72,520.8376623376623,607.5743243243244,504.5366666666667,272.0,300.0,308.0,296.0,300.0,392.25367647058823,398.6333333333333,437.73376623376623,456.6621621621622,503.5366666666667,
5,-1218513.3155595968,-0.89125,,1,5,2,3,0,393.51162790697674,398.0875912408759,438.4597315436242,458.705501618123,584.5052264808362,258.0,274.0,298.0,309.0,287.0,392.2674418604651,396.98175182481754,437.4228187919463,457.68932038834953,501.22996515679444,
6,-1152572.741310245,-0.9,,1,6,5,1,0,392.56401384083046,396.8406779661017,440.5422535211268,533.4214046822742,641.8286713286714,289.0,295.0,284.0,299.0,286.0,391.4083044982699,395.7322033898305,439.48943661971833,457.1404682274248,503.02097902097904,
6,-1203465.5169412673,-0.89875,,3,2,0,1,4,394.52,398.0171821305842,440.2043010752688,556.5501730103806,505.5164835164835,300.0,291.0,279.0,289.0,273.0,393.41333333333336,396.9828178694158,439.16129032258067,457.62629757785464,504.5164835164835,
6,-1204472.6301283957,-0.8975,,1,2,2,3,0,393.4891304347826,396.8101694915254,441.2967032967033,458.16610169491526,568.2094861660079,276.0,295.0,273.0,295.0,253.0,392.3369565217391,395.6745762711864,440.2967032967033,457.1627118644068,491.600790513834,
6,-1208582.8769910657,-0.89375,,0,3,3,5,0,395.36805555555554,397.5483870967742,439.13398692810455,458.6102362204724,603.4676258992806,288.0,279.0,306.0,254.0,278.0,392.5104166666667,396.3440860215054,438.08496732026146,457.6102362204724,584.136690647482,
6,-1212469.4428881851,-0.89125,,0,3,0,5,2,394.82828282828285,398.9824561403509,566.0872483221476,460.30479452054794,505.85559566787003,297.0,285.0,298.0,292.0,277.0,392.2390572390572,397.9157894736842,548.3724832214765,459.30479452054794,504.85559566787003,
7,-1152612.0178917537,-0.89875,,1,3,2,4,5,394.6267123287671,398.2842105263158,438.83093525179856,458.1824104234528,501.27106227106225,292.0,285.0,278.0,307.0,273.0,393.4075342465753,397.1859649122807,437.76258992805754,457.1726384364821,500.27106227106225,
7,-1175472.5763812575,-0.8975,,3,4,4,2,0,393.5,398.36524822695037,440.2206896551724,460.7615658362989,505.55913978494624,282.0,282.0,290.0,281.0,279.0,392.28014184397165,397.27659574468083,439.17241379310343,459.7580071174377,504.55913978494624,
7,-1202244.795707444,-0.89625,,3,3,2,2,4,393.8841059602649,398.53818181818184,436.8659793814433,457.2768729641694,502.51360544217687,302.0,275.0,291.0,307.0,294.0,392.7582781456954,397.4327272727273,435.7628865979381,456.2768729641694,501.51360544217687,
7,-1212103.3241394204,-0.8825,,0,1,3,4,0,395.8921933085502,491.07540983606555,440.09473684210525,459.84589041095893,667.9800796812749,269.0,305.0,285.0,292.0,251.0,393.3977695167286,397.98032786885244,439.059649122807,458.84589041095893,590.0239043824702,
7,-1209545.9537247913,-0.88875,,1,3,4,2,2,393.33846153846156,396.62989323843414,440.88028169014086,456.71379310344827,500.29470198675494,260.0,281.0,284.0,290.0,302.0,392.2576923076923,395.4982206405694,439.806338028169,455.71379310344827,499.2682119205298,
7,-1202629.6857711442,-0.89,,3,0,1,1,0,393.87364620938627,399.1254237288136,537.28025477707,637.0297397769517,742.5,277.0,295.0,314.0,269.0,252.0,392.75451263537906,396.7661016949153,435.46815286624206,456.63568773234203,627.9801587301587,
8,-1150766.1964565734,-0.89875,,3,5,4,3,2,393.3881578947368,397.2956204379562,434.88421052631577,457.4078014184397,505.8655737704918,304.0,274.0,285.0,282.0,305.0,392.17105263157896,396.1021897810219,433.77543859649126,456.3936170212766,504.8655737704918,
8,-1170920.4371980503,-0.8975,,3,0,0,6,3,393.51,399.4148936170213,560.1796610169491,457.4370860927152,502.901023890785,300.0,282.0,295.0,302.0,293.0,392.3066666666667,397.6063829787234,545.857627118644,456.4072847682119,501.901023890785,
8,-1194771.1281248673,-0.89375,,4,4,3,0,3,394.78767123287673,398.25283018867924,436.55197132616485,456.4655172413793,502.93470790378007,292.0,265.0,279.0,290.0,291.0,393.6232876712329,397.1245283018868,435.51971326164875,455.39310344827584,501.93470790378007,
8,-1195585.4995069348,-0.8925,,6,1,3,0,3,393.68835616438355,397.5878136200717,440.23489932885906,551.2027491408935,507.3486842105263,292.0,279.0,298.0,291.0,304.0,392.51027397260276,396.5017921146953,439.23489932885906,459.10309278350513,506.3486842105263,
8,-1204001.3811227584,-0.88375,,5,1,4,4,1,394.12881355932205,398.7586206896552,439.3581081081081,458.58245614035087,590.8458904109589,295.0,290.0,296.0,285.0,292.0,392.9627118644068,397.6241379310345,438.3445945945946,457.5719298245614,501.9349315068493,
9,-1158385.594912995,-0.8975,,0,6,1,1,1,393.1808510638298,398.35357142857146,514.3898305084746,606.5795053003534,661.8827586206896,282.0,280.0,295.0,283.0,290.0,392.08156028368796,397.2392857142857,438.87118644067795,455.81272084805653,497.7655172413793,
9,-1195140.1912630606,-0.885,,4,3,1,4,4,394.34602076124565,397.7871621621622,439.41342756183747,457.6689189189189,505.94594594594594,289.0,296.0,283.0,296.0,296.0,393.15916955017303,396.6993243243243,438.35335689045934,456.6689189189189,504.94594594594594,
9,-1181628.7857286604,-0.88625,,0,6,3,1,0,394.2117263843648,397.8041958041958,438.55725190839695,549.4818481848184,668.7732342007434,307.0,286.0,262.0,303.0,269.0,391.72638436482083,396.72727272727275,437.5381679389313,456.4257425742574,611.3308550185874,
10,-1139443.5253495704,-0.8975,,4,2,3,6,0,393.5487012987013,397.59778597785976,437.68333333333334,457.79180887372013,503.1241610738255,308.0,271.0,300.0,293.0,298.0,392.38961038961037,396.48339483394835,436.5933333333333,456.79180887372013,502.1241610738255,
10,-1144437.7012691766,-0.8925,,3,5,4,2,2,393.90613718411555,397.6727272727273,436.6,457.520295202952,503.6530612244898,277.0,275.0,300.0,271.0,294.0,392.76895306859205,396.5527272727273,435.5833333333333,456.48339483394835,502.6530612244898,
10,-1155278.253933954,-0.89,,4,4,2,2,4,393.54882154882154,398.7212543554007,439.2093862815884,457.9863481228669,506.375,297.0,287.0,277.0,293.0,280.0,392.37373737373736,397.62369337979095,438.1046931407942,456.9590443686007,505.375,
10,-1147264.9602749841,-0.89125,,2,6,0,1,2,394.85057471264366,397.87943262411346,438.0157728706625,566.4709897610921,504.8333333333333,261.0,282.0,317.0,293.0,282.0,393.7471264367816,396.78014184397165,436.9116719242902,459.6245733788396,503.8262411347518,
10,-1194245.5266409505,-0.88375,,5,1,1,2,3,393.93454545454546,396.85303514376994,529.9403508771929,457.5113636363636,503.9642857142857,275.0,313.0,285.0,264.0,280.0,392.82545454545453,395.8019169329074,436.2315789473684,456.43939393939394,502.9642857142857,
11,-1063974.9018719932,-0.8975,,4,6,4,0,5,393.3675496688742,398.53177257525084,440.3754266211604,458.5098039215686,504.18394648829434,302.0,299.0,293.0,306.0,299.0,392.2582781456954,397.39464882943145,439.3651877133106,457.5098039215686,503.18394648829434,
