0,-1520665.9086638717,-0.915,,6,4,6,5,0,393.81081081081084,398.08306709265173,438.0566666666667,457.8961038961039,504.17088607594934,296.0,313.0,300.0,308.0,316.0,392.56756756756755,397.01277955271564,436.9766666666667,456.8961038961039,503.17088607594934,
0,-1498342.5810184986,-0.925,,3,6,4,0,5,392.3803278688525,396.4127516778523,438.61224489795916,458.04,502.00341296928326,305.0,298.0,294.0,300.0,293.0,391.2360655737705,395.3422818791946,437.5952380952381,457.04,500.99658703071674,
0,-1524979.623476486,-0.90875,,4,1,5,2,4,394.7027027027027,398.4448051948052,443.5744680851064,459.5623003194888,507.46483180428135,296.0,308.0,282.0,313.0,327.0,393.5439189189189,397.4220779220779,442.56028368794324,458.55271565495207,506.46483180428135,
0,-1502455.848237277,-0.91625,,6,1,2,4,4,394.37953795379536,397.96835443037975,437.25752508361205,457.47163120567376,503.28771929824563,303.0,316.0,299.0,282.0,285.0,393.3135313531353,396.82911392405066,436.190635451505,456.4645390070922,502.2631578947368,
1,-1509574.9088998355,-0.9125,,3,1,5,4,4,393.30536912751677,398.682119205298,440.4448051948052,459.57950530035333,503.59866220735785,298.0,302.0,308.0,283.0,299.0,392.13422818791946,397.44370860927154,439.4253246753247,458.5512367491166,502.59866220735785,
1,-1476774.5505273808,-0.92,,6,1,2,5,5,393.21666666666664,398.6955017301038,437.71672354948805,458.57706093189967,505.5817610062893,300.0,289.0,293.0,279.0,318.0,392.0366666666667,397.62629757785464,436.67235494880543,457.5448028673835,504.55345911949684,
1,-1523699.4617680495,-0.90625,,6,5,0,3,4,393.2891156462585,398.17725752508363,438.588850174216,458.20805369127515,505.3914373088685,294.0,299.0,287.0,298.0,327.0,392.02721088435374,397.04013377926424,437.5365853658537,457.20805369127515,504.3914373088685,
1,-1493041.4477714607,-0.91625,,1,4,5,3,0,393.00615384615384,398.5980392156863,435.3763837638376,457.65676567656766,606.2545454545455,325.0,306.0,271.0,303.0,275.0,391.84923076923076,397.51633986928107,434.35055350553506,456.64356435643566,504.1127272727273,
2,-1507062.648651171,-0.9125,,5,4,5,0,4,393.05280528052805,398.6,438.951724137931,458.13870967741934,503.6529968454259,303.0,270.0,290.0,310.0,317.0,391.963696369637,397.56296296296296,437.8241379310345,457.1193548387097,502.6529968454259,
2,-1417239.5813263236,-0.92,,3,0,0,3,4,394.2842465753425,397.30249110320284,549.9444444444445,457.0968858131488,504.90506329113924,292.0,281.0,306.0,289.0,316.0,393.1986301369863,395.62277580071174,537.9738562091503,456.06920415224914,503.90506329113924,
2,-1476572.0137277218,-0.9175,,6,1,5,1,4,393.2533783783784,398.7466216216216,439.7842465753425,536.993006993007,506.67868852459014,296.0,296.0,292.0,286.0,305.0,392.10472972972974,397.7060810810811,438.7191780821918,456.95104895104896,505.67868852459014,
2,-1517170.7346982511,-0.88875,,5,4,1,6,4,394.56435643564356,397.7119205298013,440.48639455782313,459.029702970297,507.0529595015576,303.0,302.0,294.0,303.0,321.0,393.4389438943894,396.5993377483444,439.35714285714283,458.006600660066,506.0529595015576,
2,-1514918.7496279543,-0.90625,,1,5,5,2,4,393.8758389261745,398.1966101694915,440.9789473684211,457.8487654320988,502.42320819112626,298.0,295.0,285.0,324.0,293.0,392.744966442953,397.1254237288136,439.89122807017543,456.83024691358025,501.42320819112626,
3,-1499827.928310818,-0.9075,,3,5,0,5,5,393.4166666666667,397.63907284768214,438.5064935064935,459.335593220339,507.6928571428571,300.0,302.0,308.0,295.0,280.0,392.19666666666666,396.5430463576159,437.4902597402597,458.3084745762712,506.67857142857144,
3,-1495675.086273976,-0.91,,2,0,4,4,5,393.82817869415805,397.6006289308176,441.6407766990291,461.11486486486484,507.0766550522648,291.0,318.0,309.0,296.0,287.0,392.72852233676974,396.4874213836478,440.6343042071197,460.10472972972974,506.0766550522648,
3,-1495475.8001386288,-0.9125,,5,0,6,5,0,393.83501683501686,399.5032679738562,439.7278481012658,456.86,617.6082474226804,297.0,306.0,316.0,300.0,291.0,392.63299663299665,397.45098039215685,438.6867088607595,455.85,602.7044673539519,
3,-1456911.4312632235,-0.9175,,6,1,2,5,0,393.9658703071672,398.6993670886076,440.5655430711611,455.2915254237288,597.6881355932203,293.0,316.0,267.0,295.0,295.0,392.80546075085323,397.5886075949367,439.5655430711611,454.2915254237288,499.7864406779661,
3,-1466952.5424433125,-0.915,,3,1,5,4,6,393.9061488673139,397.9007352941176,437.52508361204013,457.3924914675768,502.6872964169381,309.0,272.0,299.0,293.0,307.0,392.7605177993527,396.79411764705884,436.46822742474916,456.3720136518771,501.6872964169381,
3,-1512429.464146682,-0.88875,,0,4,5,2,4,392.9193548387097,398.48148148148147,440.43859649122805,461.7737704918033,505.4664536741214,310.0,297.0,285.0,305.0,313.0,391.758064516129,397.3468013468013,439.41754385964913,460.7737704918033,504.4664536741214,
3,-1502832.6259866527,-0.89375,,6,4,1,5,4,394.02317880794703,398.7245901639344,440.1340579710145,456.7762711864407,503.5224358974359,302.0,305.0,276.0,295.0,312.0,392.92384105960264,397.62622950819673,439.1014492753623,455.6949152542373,502.5224358974359,
4,-1497496.8004009419,-0.905,,6,0,2,4,4,394.6982456140351,398.0875,441.93793103448274,459.74587458745873,507.4982456140351,285.0,320.0,290.0,303.0,285.0,393.64912280701753,396.971875,440.9103448275862,458.74587458745873,506.4982456140351,
4,-1493126.6214392728,-0.9125,,6,0,5,5,5,393.93910256410254,397.81481481481484,436.43086816720256,457.801393728223,505.35915492957747,312.0,297.0,311.0,287.0,284.0,392.8044871794872,396.7609427609428,435.3151125401929,456.79094076655053,504.34154929577466,
4,-1495142.5116363156,-0.90625,,5,5,5,3,4,393.4915824915825,398.1753246753247,438.1216216216216,458.1948051948052,505.0204778156997,297.0,308.0,296.0,308.0,293.0,392.36700336700335,397.10064935064935,437.10472972972974,457.1948051948052,504.0204778156997,
4,-1493149.5828270004,-0.91,,6,1,4,3,4,393.4375,397.61538461538464,438.2953020134228,457.60884353741494,502.9201388888889,288.0,299.0,298.0,294.0,288.0,392.3541666666667,396.5819397993311,437.2684563758389,456.55442176870747,501.9201388888889,
4,-1440938.2730587213,-0.91625,,3,1,5,1,4,394.97394136807816,398.11191335740074,438.79016393442623,557.6476868327402,502.5570469798658,307.0,277.0,305.0,281.0,298.0,393.885993485342,396.99277978339353,437.72786885245904,458.0889679715302,501.5570469798658,
4,-1444553.2545077621,-0.915,,0,3,6,5,4,393.70175438596493,397.9864864864865,439.5444444444444,458.0032258064516,502.2274368231047,285.0,296.0,270.0,310.0,277.0,392.5157894736842,396.9121621621622,438.537037037037,456.98709677419356,501.2274368231047,
5,-1492472.643856036,-0.91125,,6,1,5,5,4,394.1293375394322,398.2304964539007,440.47211895910783,458.8167701863354,504.4868421052632,317.0,282.0,269.0,322.0,304.0,393.0725552050473,397.10283687943263,439.3828996282528,457.8167701863354,503.4868421052632,
5,-1477713.1754854722,-0.9125,,4,5,5,3,4,393.76897689768975,398.06920415224914,439.3904761904762,456.36971830985914,506.60884353741494,303.0,289.0,315.0,284.0,294.0,392.6666666666667,396.9134948096886,438.2984126984127,455.3345070422535,505.60884353741494,
5,-1494022.8315121485,-0.8925,,5,0,4,4,1,394.1830985915493,396.7483660130719,434.4448275862069,458.1191335740072,596.0340557275542,284.0,306.0,290.0,277.0,323.0,393.0633802816901,395.62418300653593,433.3965517241379,457.09747292418774,497.5882352941176,
5,-1494764.8763833176,-0.8875,,5,1,2,5,0,392.95286195286195,398.18446601941747,438.83384615384614,459.54,609.5724907063197,297.0,309.0,325.0,300.0,269.0,391.82828282828285,396.9805825242718,437.8184615384615,458.51666666666665,500.4275092936803,
5,-1419786.5419874692,-0.91625,,4,3,6,5,4,393.5366666666667,397.99630996309963,437.89115646258506,456.2518518518518,503.1938775510204,300.0,271.0,294.0,270.0,294.0,392.3066666666667,396.88560885608854,436.8775510204082,455.2,502.1938775510204,
5,-1433516.115266854,-0.915,,2,4,0,5,5,394.0254545454545,398.0514469453376,437.878892733564,458.6472602739726,507.15972222222223,275.0,311.0,289.0,292.0,288.0,392.76363636363635,396.983922829582,436.8650519031142,457.63013698630135,506.15972222222223,
6,-1487766.637790191,-0.91,,3,4,5,4,4,393.1892857142857,398.275,440.0567375886525,461.4251700680272,503.90584415584414,280.0,320.0,282.0,294.0,308.0,392.0392857142857,397.165625,438.99645390070924,460.4183673469388,502.89285714285717,
6,-1489567.441827608,-0.90625,,4,4,0,5,4,393.812925170068,397.94620253164555,437.8804347826087,458.6317689530686,505.3474025974026,294.0,316.0,276.0,277.0,308.0,392.5850340136054,396.7626582278481,436.84057971014494,457.6281588447653,504.3376623376623,
6,-1491782.7484706733,-0.89625,,5,1,1,5,4,393.74558303886926,397.6666666666667,523.7118644067797,458.125,504.1487341772152,283.0,312.0,295.0,280.0,316.0,392.5618374558304,396.5064102564103,437.1050847457627,457.11071428571427,503.13607594936707,
6,-1490539.0145557967,-0.90375,,4,2,5,5,4,393.0173611111111,397.30960854092524,439.112540192926,459.2331081081081,502.69127516778525,288.0,281.0,311.0,296.0,298.0,391.8958333333333,396.15302491103205,438.0868167202572,458.2331081081081,501.66442953020135,
6,-1477259.9503825735,-0.9125,,5,4,0,4,3,394.39068100358423,398.43666666666667,439.5211267605634,455.35353535353534,501.9066666666667,279.0,300.0,284.0,297.0,300.0,393.31182795698925,397.3466666666667,438.4507042253521,454.26262626262627,500.8933333333333,
6,-1358447.7777517776,-0.91625,,2,2,6,2,0,394.2781690140845,397.5483870967742,436.8181818181818,459.23397435897436,507.914089347079,284.0,310.0,297.0,312.0,291.0,393.1619718309859,396.4225806451613,435.73400673400675,458.23397435897436,506.914089347079,
6,-1409896.6820852722,-0.915,,2,1,1,5,4,393.4487632508834,397.42758620689654,533.4006849315068,458.11224489795916,500.9967320261438,283.0,290.0,292.0,294.0,306.0,392.1519434628975,396.27241379310345,437.78767123287673,457.0748299319728,499.9967320261438,
7,-1483509.4968738677,-0.90875,,5,0,1,5,6,393.24584717607974,396.9592476489028,530.6992753623189,458.81672025723475,497.8811188811189,301.0,319.0,276.0,311.0,286.0,392.04651162790697,395.80877742946706,436.84057971014494,457.7717041800643,496.8811188811189,
7,-1489785.3631189626,-0.90375,,4,1,5,4,6,392.87539936102235,399.31045751633985,439.57347670250897,458.9102990033223,506.89003436426117,313.0,306.0,279.0,301.0,291.0,391.7635782747604,398.19934640522877,438.5483870967742,457.90365448504986,505.88659793814435,
7,-1468799.780890206,-0.91125,,5,6,6,5,0,394.8647798742138,398.8294314381271,443.7364620938628,458.6189024390244,509.41901408450707,318.0,299.0,277.0,328.0,284.0,393.7201257861635,397.7892976588629,442.7292418772563,457.5731707317073,508.41901408450707,
7,-1451581.9573958367,-0.9125,,6,6,4,4,4,393.4765342960289,397.12852664576803,437.45390070921985,458.98979591836735,503.63174603174605,277.0,319.0,282.0,294.0,315.0,392.3754512635379,396.00313479623827,436.3581560283688,457.96938775510205,502.6253968253968,
7,-1277240.2726478286,-0.91625,,2,1,1,1,2,392.5392491467577,397.0931034482759,545.5915492957746,608.1458333333334,506.14332247557,293.0,290.0,284.0,288.0,307.0,391.32423208191125,396.0137931034483,440.44718309859155,457.0520833333333,505.114006514658,
7,-1360702.8944517926,-0.915,,0,0,1,3,6,395.15806451612906,522.6905537459284,604.5202702702703,458.86545454545455,502.0739549839228,310.0,307.0,296.0,275.0,311.0,392.43548387096774,501.01628664495115,437.43581081081084,457.8545454545455,501.0739549839228,
8,-1477347.5772998314,-0.90875,,5,4,0,4,1,393.5944055944056,397.2857142857143,438.43648208469057,458.2655172413793,597.7722772277227,286.0,294.0,307.0,290.0,303.0,392.5034965034965,396.25850340136054,437.3452768729642,457.23793103448276,501.18151815181517,
8,-1487029.8221918442,-0.90375,,1,4,6,5,0,392.62622950819673,397.45104895104896,440.62046204620464,458.9933774834437,582.017667844523,305.0,286.0,303.0,302.0,283.0,391.4131147540984,396.36713286713285,439.5610561056106,457.9801324503311,506.34275618374556,
8,-1465636.6105326426,-0.91,,1,5,5,3,4,392.8942307692308,397.2673611111111,438.6587837837838,458.57608695652175,503.95817490494295,312.0,288.0,296.0,276.0,263.0,391.8205128205128,396.16319444444446,437.5810810810811,457.5688405797101,502.95817490494295,
8,-1442582.090645321,-0.9125,,5,0,2,4,0,393.87543252595157,398.1884984025559,438.9006849315069,456.4826388888889,617.3713235294117,289.0,313.0,292.0,288.0,272.0,392.7750865051903,395.8785942492013,437.8595890410959,455.4548611111111,595.4375,
9,-1486817.8734905806,-0.89625,,3,3,0,5,4,392.76408450704224,397.4530201342282,440.49666666666667,457.7138157894737,505.67752442996743,284.0,298.0,300.0,304.0,307.0,391.63028169014086,396.39261744966444,439.4866666666667,456.7138157894737,504.67752442996743,
