0,-1678545.2914227878,-0.92125,,5,6,1,0,5,393.35973597359737,397.8422818791946,438.24912280701756,528.4965034965035,503.13953488372096,303.0,298.0,285.0,286.0,301.0,392.1848184818482,396.73825503355704,437.23508771929824,457.46853146853147,502.13953488372096,
0,-1767482.9826436662,-0.92,,5,5,5,5,5,392.81993569131834,398.0233333333333,438.06666666666666,457.49013157894734,506.34265734265733,311.0,300.0,315.0,304.0,286.0,391.63344051446944,396.87666666666667,437.0285714285714,456.45394736842104,505.34265734265733,
0,-1780185.6330819363,-0.905,,5,6,2,5,5,392.31089743589746,397.4590163934426,435.26751592356686,459.5412186379928,506.06493506493507,312.0,305.0,314.0,279.0,308.0,391.16346153846155,396.3016393442623,434.18152866242036,458.5412186379928,505.0487012987013,
1,-1633180.1851911042,-0.92125,,3,2,5,5,3,393.5138888888889,398.4199288256228,435.33663366336634,456.7704918032787,506.84722222222223,288.0,281.0,303.0,305.0,288.0,392.375,397.2669039145907,434.26732673267327,455.7016393442623,505.84722222222223,
1,-1761287.2573273494,-0.91625,,5,5,3,6,5,393.16129032258067,398.06315789473683,439.02295081967213,458.3586206896552,503.4427710843373,310.0,285.0,305.0,290.0,332.0,391.98709677419356,396.940350877193,437.94754098360653,457.3551724137931,502.43674698795184,
1,-1664315.1317960927,-0.91875,,6,1,2,5,4,393.72727272727275,398.41747572815535,438.8140350877193,458.3491525423729,501.56890459363956,286.0,309.0,285.0,295.0,283.0,392.54895104895104,397.31067961165047,437.73333333333335,457.3491525423729,500.56890459363956,
1,-1681183.091381057,-0.9175,,5,5,3,3,0,392.8150684931507,397.34441087613294,438.2237288135593,457.8778877887789,507.99693251533745,292.0,331.0,295.0,303.0,326.0,391.63698630136986,396.2205438066465,437.1796610169491,456.8778877887789,506.99693251533745,
1,-1772705.576462358,-0.90375,,5,3,3,6,5,392.4791666666667,396.86138613861385,436.4299065420561,457.7899686520376,499.54605263157896,288.0,303.0,321.0,319.0,304.0,391.28125,395.7821782178218,435.38940809968847,456.73667711598745,498.54605263157896,
2,-1617913.5186659654,-0.92,,5,3,3,6,0,393.6531986531987,397.873417721519,441.86254295532643,459.91970802919707,504.83617747440275,297.0,316.0,291.0,274.0,293.0,392.4713804713805,396.7278481012658,440.8556701030928,458.90875912408757,503.83617747440275,
2,-1550439.742888379,-0.92125,,5,2,4,0,3,393.6045751633987,397.26838235294116,436.9139784946237,457.736301369863,502.9554794520548,306.0,272.0,279.0,292.0,292.0,392.4575163398693,396.2132352941176,435.8100358422939,456.736301369863,501.9554794520548,
2,-1752912.4072944291,-0.91625,,6,6,6,6,6,393.62996941896023,399.4448160535117,438.576512455516,458.70175438596493,504.9009900990099,327.0,299.0,281.0,285.0,303.0,392.5596330275229,398.32107023411373,437.56939501779357,457.70175438596493,503.9009900990099,
3,-1581908.2405041666,-0.9175,,3,2,5,5,0,394.02027027027026,398.312292358804,437.62989323843414,456.7484076433121,500.4932432432432,296.0,301.0,281.0,314.0,296.0,392.89864864864865,397.24916943521595,436.6085409252669,455.7420382165605,499.4932432432432,
3,-1714249.2839109644,-0.91625,,0,6,5,5,3,393.7049180327869,397.64144736842104,440.22222222222223,457.25735294117646,505.3299319727891,305.0,304.0,297.0,272.0,294.0,392.5508196721311,396.49342105263156,439.1952861952862,456.2352941176471,504.3299319727891,
3,-1749048.5408709333,-0.905,,2,6,6,6,5,393.8754208754209,396.5495207667732,439.72222222222223,458.19112627986345,508.8233333333333,297.0,313.0,288.0,293.0,300.0,392.71380471380473,395.40255591054313,438.71875,457.19112627986345,507.80333333333334,
3,-1740405.1205656095,-0.91375,,6,6,6,6,4,393.2808988764045,397.74257425742576,435.2244897959184,457.83653846153845,501.9611650485437,267.0,303.0,294.0,312.0,309.0,392.12359550561797,396.65016501650166,434.1700680272109,456.8333333333333,500.9611650485437,
3,-1749430.5961712357,-0.9025,,5,1,5,5,5,393.046875,397.5342019543974,436.0944055944056,456.99328859060404,503.6148409893993,320.0,307.0,286.0,298.0,283.0,391.934375,396.4592833876221,435.07342657342656,455.93288590604027,502.6148409893993,
4,-1534042.1055930168,-0.9175,,0,0,4,5,3,394.14074074074074,509.2327272727273,441.1078431372549,457.06514657980455,502.9146757679181,270.0,275.0,306.0,307.0,293.0,392.06666666666666,496.76363636363635,440.05882352941177,456.0488599348534,501.9146757679181,
4,-1704229.0207192192,-0.915,,6,5,4,6,1,393.92198581560285,399.17628205128204,437.3217993079585,457.96928327645054,500.003355704698,282.0,312.0,289.0,293.0,298.0,392.6737588652482,398.1474358974359,436.28373702422147,456.96928327645054,498.9765100671141,
4,-1628961.3453291005,-0.91625,,2,6,6,0,5,394.1475409836066,398.3049645390071,439.58947368421053,455.9862068965517,505.7011070110701,305.0,282.0,285.0,290.0,271.0,393.0622950819672,397.1666666666667,438.5649122807018,454.96206896551723,504.7011070110701,
4,-1724910.2070753593,-0.91125,,5,6,0,5,6,394.72786885245904,399.0357142857143,438.8071428571429,459.2881355932203,500.34736842105264,305.0,308.0,280.0,295.0,285.0,393.51147540983607,397.9025974025974,437.75714285714287,458.2610169491525,499.3263157894737,
4,-1732201.3999024036,-0.90875,,6,6,1,3,3,392.9873015873016,397.3198653198653,439.2119205298013,457.003355704698,499.3014184397163,315.0,297.0,302.0,298.0,282.0,391.7809523809524,396.2020202020202,438.1788079470199,455.99328859060404,498.3014184397163,
4,-1723457.9551931003,-0.9125,,6,5,0,6,2,393.6756756756757,397.68227424749165,440.3333333333333,459.1391585760518,505.00986842105266,296.0,299.0,288.0,309.0,304.0,392.4560810810811,396.4983277591973,439.2673611111111,458.13592233009706,504.00986842105266,
4,-1736894.1291342494,-0.90625,,6,6,3,4,5,393.97627118644067,397.9310344827586,437.7547770700637,459.27972027972027,504.24422442244224,295.0,290.0,314.0,286.0,303.0,392.75254237288135,396.8103448275862,436.6910828025478,458.27272727272725,503.24422442244224,
4,-1745091.781206724,-0.90125,,6,3,4,5,5,393.2292358803987,397.78776978417267,437.4520123839009,458.10033444816054,503.18120805369125,301.0,278.0,323.0,299.0,298.0,392.0863787375415,396.71223021582733,436.3993808049536,457.0903010033445,502.16107382550337,
5,-1702705.0799647637,-0.915,,6,6,0,5,6,393.40418118466897,396.8628762541806,436.4222972972973,456.56617647058823,501.72147651006713,287.0,299.0,296.0,272.0,298.0,392.1602787456446,395.6220735785953,435.3310810810811,455.56617647058823,500.70805369127515,
5,-1727597.0295829482,-0.9075,,6,6,5,3,5,393.2736842105263,397.1868512110727,437.5816326530612,456.6111111111111,497.80582524271847,285.0,289.0,294.0,306.0,309.0,392.0912280701754,396.0484429065744,436.56802721088434,455.53921568627453,496.80582524271847,
5,-1720766.233167887,-0.9125,,6,6,5,3,3,393.64383561643837,397.34364261168383,439.82876712328766,458.7634069400631,504.3537414965986,292.0,291.0,292.0,317.0,294.0,392.5821917808219,396.17525773195877,438.72945205479454,457.7192429022082,503.3537414965986,
5,-1735370.453234219,-0.90625,,5,5,6,6,5,394.2986577181208,399.5314465408805,443.1522491349481,460.35335689045934,506.0194174757282,298.0,318.0,289.0,283.0,309.0,393.1677852348993,398.4025157232704,442.1418685121107,459.34275618374556,505.0194174757282,
5,-1738855.0285900235,-0.9,,6,5,0,4,5,393.86092715231786,399.5597269624573,439.72,458.2964285714286,502.3115264797508,302.0,293.0,300.0,280.0,321.0,392.7549668874172,398.4675767918089,438.64,457.25357142857143,501.3115264797508,
6,-1695221.406124088,-0.915,,6,6,0,5,3,393.2405498281787,396.92182410423453,437.6787148594378,458.2685512367491,503.2329192546584,291.0,307.0,249.0,283.0,322.0,392.10309278350513,395.75895765472313,436.6425702811245,457.24734982332154,502.2329192546584,
6,-1717903.586081839,-0.91,,0,3,4,5,6,393.79937304075236,397.77115987460814,438.5036496350365,458.2905198776758,501.38827838827837,319.0,319.0,274.0,327.0,273.0,392.69278996865205,396.68652037617557,437.4160583941606,457.2354740061162,500.38827838827837,
6,-1709536.6309080226,-0.91125,,6,6,4,5,6,393.26666666666665,397.64130434782606,439.0436241610738,459.1458333333333,501.57093425605535,315.0,276.0,298.0,288.0,289.0,392.0444444444444,396.5108695652174,437.9865771812081,458.09722222222223,500.5501730103806,
6,-1708733.2803146646,-0.9125,,6,5,6,3,1,394.84789644012943,398.62578616352204,436.95714285714286,459.0477815699659,504.0070671378092,309.0,318.0,280.0,293.0,283.0,393.7605177993527,397.52201257861634,435.85357142857146,458.02389078498294,503.0070671378092,
6,-1727867.8453623704,-0.90375,,6,3,4,1,3,394.2,397.84429065743944,442.4433962264151,460.9842767295597,502.89776357827475,315.0,289.0,318.0,318.0,313.0,393.1047619047619,396.79584775086505,441.4339622641509,459.9654088050315,501.8690095846645,
6,-1738451.815152526,-0.9,,6,6,6,6,5,393.68384879725085,398.48,438.6088560885609,457.85303514376994,500.98381877022655,291.0,300.0,271.0,313.0,309.0,392.3780068728522,397.37666666666667,437.520295202952,456.82108626198084,499.97411003236243,
7,-1693729.2474724143,-0.915,,2,5,3,6,6,392.8956228956229,396.81724137931036,437.36610169491524,459.1615120274914,502.75666666666666,297.0,290.0,295.0,291.0,300.0,391.51851851851853,395.6862068965517,436.335593220339,458.1615120274914,501.75666666666666,
7,-1716394.4444514555,-0.90875,,6,6,3,5,5,394.16498316498314,396.8659793814433,440.50331125827813,456.88013698630135,500.4842105263158,297.0,291.0,302.0,292.0,285.0,393.026936026936,395.77319587628864,439.4933774834437,455.8664383561644,499.46666666666664,
7,-1702301.1800681183,-0.91125,,5,2,3,5,5,393.01623376623377,398.6643356643357,439.4673202614379,458.1038062283737,502.43959731543623,308.0,286.0,306.0,289.0,298.0,391.7922077922078,397.52797202797206,438.437908496732,457.10034602076126,501.43959731543623,
7,-1705754.956537275,-0.91,,2,5,6,3,6,392.71844660194176,399.6587837837838,439.4141414141414,459.19727891156464,500.3380281690141,309.0,296.0,297.0,294.0,284.0,391.5663430420712,398.56081081081084,438.3905723905724,458.19727891156464,499.3380281690141,
7,-1722228.0490052789,-0.9025,,2,6,5,5,5,394.53003533568904,396.80379746835445,437.92226148409895,457.5,504.8265306122449,283.0,316.0,283.0,292.0,294.0,393.3780918727915,395.7373417721519,436.8975265017668,456.4931506849315,503.82312925170066,
7,-1724551.7978760945,-0.9,,6,6,5,0,6,394.1166666666667,396.914089347079,440.13286713286715,456.3456375838926,502.6026936026936,300.0,291.0,286.0,298.0,297.0,392.93333333333334,395.8384879725086,439.1223776223776,455.31879194630875,501.6026936026936,
7,-1735363.191083706,-0.89875,,6,2,6,6,5,393.976430976431,397.7635135135135,438.76430976430976,460.0546075085324,507.0662251655629,297.0,296.0,297.0,293.0,302.0,392.7946127946128,396.72635135135135,437.6936026936027,459.05119453924914,506.0662251655629,
8,-1681444.771666632,-0.91375,,5,3,1,5,6,394.22549019607845,397.6859205776173,439.18518518518516,456.9968454258675,506.9187279151943,306.0,277.0,297.0,317.0,283.0,393.05555555555554,396.62093862815885,438.18518518518516,455.9968454258675,505.9187279151943,
8,-1716309.4756961754,-0.9075,,2,6,3,5,6,393.5882352941176,398.106529209622,438.95932203389833,458.4717607973422,504.2154882154882,306.0,291.0,295.0,301.0,297.0,392.42483660130716,396.96907216494844,437.928813559322,457.4418604651163,503.2154882154882,
8,-1696184.6160428429,-0.91125,,2,6,5,5,2,392.49295774647885,397.15986394557825,436.7852348993289,457.83174603174604,504.2482014388489,284.0,294.0,298.0,315.0,278.0,391.15140845070425,396.1258503401361,435.7281879194631,456.8222222222222,503.2482014388489,
8,-1699582.241318551,-0.90875,,6,5,3,6,5,393.45421245421244,396.6818181818182,436.5744680851064,458.68125,507.2861842105263,273.0,286.0,282.0,320.0,304.0,392.27106227106225,395.6643356643357,435.5070921985816,457.68125,506.2796052631579,
8,-1732595.9698698162,-0.89625,,6,6,0,5,4,394.2451612903226,399.0422077922078,439.3848920863309,462.29965156794424,503.13201320132015,310.0,308.0,278.0,287.0,303.0,393.0870967741935,397.9318181818182,438.3848920863309,461.2404181184669,502.13201320132015,
8,-1726318.2910821086,-0.89875,,6,6,6,6,0,393.52597402597405,398.74285714285713,441.0298013245033,460.3527397260274,504.5234899328859,308.0,280.0,302.0,292.0,298.0,392.18831168831167,397.6892857142857,439.95364238410593,459.3527397260274,503.5234899328859,
9,-1659160.8374459974,-0.91375,,6,6,5,0,5,393.94425087108016,397.73021582733816,439.24028268551234,457.66896551724136,505.60884353741494,287.0,278.0,283.0,290.0,294.0,392.74216027874564,396.61870503597123,438.18727915194347,456.63793103448273,504.57142857142856,
9,-1730674.4850012788,-0.89625,,6,6,6,3,0,394.4214046822743,398.4873417721519,441.2387543252595,458.9658703071672,502.06802721088434,299.0,316.0,289.0,293.0,294.0,393.31103678929765,397.4398734177215,440.1868512110727,457.93515358361776,501.06802721088434,
