0,-1551998.5561255887,-0.89,,2,6,2,3,3,393.12857142857143,397.07664233576645,440.9249146757679,457.8107142857143,502.34323432343234,280.0,274.0,293.0,280.0,303.0,391.99642857142857,396.04014598540147,439.9249146757679,456.8071428571429,501.34323432343234,
0,-1567830.2723978197,-0.87125,,6,1,6,1,3,394.2698961937716,397.859649122807,439.35357142857146,532.4615384615385,503.29007633587787,289.0,285.0,280.0,286.0,262.0,393.14878892733566,396.73333333333335,438.35357142857146,457.65384615384613,502.29007633587787,
0,-1661134.9661169825,-0.8975,,6,6,2,3,5,393.6504854368932,397.53333333333336,439.15750915750914,454.9179104477612,505.8815331010453,309.0,300.0,273.0,268.0,287.0,392.49514563106794,396.4033333333333,438.0769230769231,453.90671641791045,504.8815331010453,
0,-1535100.7267896812,-0.9,,1,3,1,6,4,393.35526315789474,397.9479553903346,533.4111498257839,458.1923076923077,499.8321167883212,304.0,269.0,287.0,286.0,274.0,392.2796052631579,396.7100371747212,437.49477351916374,457.1923076923077,498.8321167883212,
0,-1292395.4609070264,-0.89375,,1,3,2,0,0,396.4949152542373,398.15492957746477,439.2250922509225,570.2293906810036,676.1862348178138,295.0,284.0,271.0,279.0,247.0,394.23050847457625,396.99295774647885,438.1918819188192,455.82078853046596,621.3684210526316,
0,-1525836.515094543,-0.89125,,2,4,3,2,4,394.4086378737542,397.8923611111111,437.02768166089965,459.02952029520293,499.8732876712329,301.0,288.0,289.0,271.0,292.0,393.22591362126246,396.83680555555554,435.961937716263,458.02952029520293,498.83561643835617,
0,-1496007.1750715016,-0.895,,5,0,2,2,3,393.4781144781145,398.24285714285713,438.82824427480915,455.38698630136986,501.5050847457627,297.0,280.0,262.0,292.0,295.0,392.36026936026934,397.13214285714287,437.7977099236641,454.35616438356163,500.5050847457627,
0,-1776338.1888176554,-0.90875,,6,6,1,4,4,394.2655737704918,397.6920529801325,436.9627329192547,458.2013888888889,504.7239057239057,305.0,302.0,322.0,288.0,297.0,393.2065573770492,396.6026490066225,435.9223602484472,457.2013888888889,503.7239057239057,
0,-1468541.911100429,-0.89375,,1,3,1,5,2,394.98920863309354,398.7244897959184,530.2392026578073,457.80592105263156,505.21505376344084,278.0,294.0,301.0,304.0,279.0,393.8884892086331,397.65986394557825,437.77740863787375,456.7993421052632,504.21505376344084,
0,-1487412.2042776914,-0.905,,1,3,3,2,3,393.6666666666667,398.85526315789474,441.0371621621622,459.81881533101046,505.740614334471,300.0,304.0,296.0,287.0,293.0,392.50333333333333,397.74013157894734,439.9695945945946,458.81881533101046,504.740614334471,
0,-1534270.0050542033,-0.88875,,2,3,3,6,2,393.9235880398671,397.6418439716312,439.0204778156997,460.44160583941607,502.2748344370861,301.0,282.0,293.0,274.0,302.0,392.7076411960133,396.4574468085106,437.98976109215016,459.43430656934305,501.2748344370861,
0,-1540350.2963339754,-0.90125,,4,6,0,3,0,394.63604240282683,398.5067567567568,440.86486486486484,458.45214521452147,606.2983050847457,283.0,296.0,259.0,303.0,295.0,393.52650176678446,397.4189189189189,439.7181467181467,457.44224422442244,592.2,
0,-1593293.510181714,-0.90625,,6,1,4,1,3,393.5871886120996,396.41750841750843,438.23762376237624,542.4965277777778,506.86971830985914,281.0,297.0,303.0,288.0,284.0,392.51601423487546,395.1818181818182,437.17491749174917,457.1875,505.86971830985914,
0,-1608139.0104919116,-0.88875,,5,3,0,4,5,394.53956834532374,397.58245614035087,439.7757352941176,457.0876623376623,504.3493150684931,278.0,285.0,272.0,308.0,292.0,393.49640287769785,396.4140350877193,438.7095588235294,456.06493506493507,503.3424657534247,
0,-1699049.6833905485,-0.9075,,6,5,2,2,5,393.73400673400675,398.5154639175258,437.3666666666667,459.8135593220339,504.472131147541,297.0,291.0,300.0,295.0,305.0,392.62626262626264,397.3814432989691,436.18666666666667,458.8135593220339,503.44590163934424,
0,-1650678.0500714546,-0.9,,6,2,3,5,4,393.94557823129253,397.31929824561405,438.65019011406844,458.3596214511041,502.2562277580071,294.0,285.0,263.0,317.0,281.0,392.84013605442175,396.2105263157895,437.5779467680608,457.3470031545741,501.2562277580071,
0,-1692609.2368965137,-0.9025,,5,3,5,3,5,393.7926421404682,399.0816326530612,438.71812080536915,459.3645484949833,502.32781456953643,299.0,294.0,298.0,299.0,302.0,392.6555183946488,397.9591836734694,437.6442953020134,458.3645484949833,501.32781456953643,
0,-1601966.9744678265,-0.885,,5,4,0,6,1,394.1459854014599,398.7785467128028,439.13120567375887,456.7331081081081,575.8628762541806,274.0,289.0,282.0,296.0,299.0,392.94890510948903,397.69896193771626,438.0851063829787,455.68243243243245,498.1973244147157,
0,-1572912.3253115574,-0.90125,,2,0,6,6,1,394.2610169491525,397.8776223776224,438.9686411149826,459.983164983165,596.0777027027027,295.0,286.0,287.0,297.0,296.0,393.18305084745765,396.74475524475525,437.9477351916376,458.94612794612794,503.0878378378378,
0,-1610332.9457648692,-0.8975,,4,6,2,4,1,394.1418439716312,399.60200668896323,436.99645390070924,457.7694805194805,505.4417808219178,282.0,299.0,282.0,308.0,292.0,393.0177304964539,398.5652173913044,435.98936170212767,456.76623376623377,504.4417808219178,
0,-1510581.2548157044,-0.8875,,0,0,4,5,4,393.9535714285714,533.8074324324324,438.588850174216,456.6195652173913,505.4607508532423,280.0,296.0,287.0,276.0,293.0,391.5571428571429,516.6114864864865,437.57839721254356,455.6195652173913,504.4607508532423,
0,-1601287.1650642308,-0.89375,,6,5,3,3,6,393.6925925925926,397.4712230215827,437.15410958904107,457.125,497.80782918149464,270.0,278.0,292.0,280.0,281.0,392.64074074074074,396.3525179856115,436.1404109589041,456.0964285714286,496.79715302491104,
0,-1539945.7224444344,-0.88625,,5,0,2,4,5,392.3157894736842,395.6111111111111,440.2544802867383,457.99285714285713,504.37735849056605,285.0,270.0,279.0,280.0,265.0,390.9859649122807,394.48148148148147,439.0394265232975,456.99285714285713,503.37735849056605,
0,-1598723.4726986494,-0.885,,1,4,0,6,6,394.7355072463768,396.8949152542373,527.9097472924187,458.2067796610169,503.5644599303136,276.0,295.0,277.0,295.0,287.0,393.67391304347825,395.7389830508475,436.057761732852,457.19322033898305,502.5644599303136,
0,-1545616.7949251125,-0.8975,,1,3,3,4,6,392.6595744680851,396.3219696969697,440.08843537414964,458.4981549815498,502.8682432432432,282.0,264.0,294.0,271.0,296.0,391.52127659574467,395.1931818181818,439.06802721088434,457.43542435424354,501.8682432432432,
0,-1550330.1649054568,-0.895,,1,3,5,5,1,393.98571428571427,397.19344262295084,438.1184668989547,459.21985815602835,589.949090909091,280.0,305.0,287.0,282.0,275.0,392.86785714285713,396.11475409836066,437.05574912891984,458.20212765957444,503.0509090909091,
0,-1680736.7816874715,-0.91125,,6,5,2,5,6,393.5870307167236,396.9691780821918,437.98175182481754,458.13793103448273,508.91776315789474,293.0,292.0,274.0,290.0,304.0,392.47098976109214,395.8767123287671,436.93065693430657,457.11724137931037,507.91776315789474,
0,-1472479.9594266587,-0.885,,2,3,5,0,3,394.52702702702703,398.49615384615385,437.9583333333333,458.1743772241993,502.0743243243243,296.0,260.0,288.0,281.0,296.0,393.43243243243245,397.35,436.94097222222223,457.1708185053381,501.0743243243243,
0,-1494891.4027557226,-0.89375,,6,0,0,2,1,393.67540983606557,397.515923566879,544.5602836879433,459.0522648083624,648.6703703703704,305.0,314.0,282.0,287.0,270.0,392.5770491803279,395.64649681528664,528.1560283687943,458.0522648083624,502.8074074074074,
0,-1428120.2702206206,-0.885,,4,3,1,2,2,393.0374149659864,397.1561338289963,437.53521126760563,458.88013698630135,501.63973063973066,294.0,269.0,284.0,292.0,297.0,391.89115646258506,395.996282527881,436.48943661971833,457.85616438356163,500.6363636363636,
0,-1648513.492018312,-0.915,,2,4,5,6,0,393.4366197183099,398.2233676975945,438.6551724137931,457.30584192439864,505.14469453376205,284.0,291.0,319.0,291.0,311.0,392.23943661971833,397.1340206185567,437.61755485893417,456.26116838487974,504.13183279742765,
0,-1496809.2812425678,-0.895,,2,2,0,4,4,392.2475247524753,397.2883895131086,435.34098360655736,457.75254237288135,503.3310580204778,303.0,267.0,305.0,295.0,293.0,391.03300330033005,396.1048689138577,434.327868852459,456.75254237288135,502.3310580204778,
0,-1675112.4053719707,-0.89875,,2,4,6,6,5,393.8113879003559,396.8166089965398,437.4646464646465,458.12,501.3492647058824,281.0,289.0,297.0,300.0,272.0,392.7366548042705,395.65051903114187,436.43097643097644,457.0833333333333,500.33088235294116,
0,-1562233.7076213735,-0.88375,,0,6,3,0,5,395.14079422382673,397.7056856187291,437.29411764705884,573.5149253731344,505.9533333333333,277.0,299.0,289.0,268.0,300.0,393.16606498194943,396.5886287625418,436.24221453287197,563.8619402985074,504.9533333333333,
0,-1498539.2635348386,-0.8775,,3,5,3,3,3,393.86281588447656,396.985401459854,435.55839416058393,458.2328767123288,504.321554770318,277.0,274.0,274.0,292.0,283.0,392.71119133574007,395.8175182481752,434.4890510948905,457.2328767123288,503.321554770318,
0,-1569297.6248674733,-0.8875,,4,3,3,3,6,392.83629893238435,397.578431372549,438.4673913043478,458.63194444444446,506.4463667820069,281.0,306.0,276.0,288.0,289.0,391.70462633451956,396.51960784313724,437.3768115942029,457.63194444444446,505.44290657439444,
0,-1501053.3334892767,-0.88375,,2,0,1,6,2,395.1864406779661,398.43831168831167,544.7840531561462,459.9149659863946,504.9127516778523,295.0,308.0,301.0,294.0,298.0,394.0779661016949,397.31168831168833,437.6179401993355,458.91156462585036,503.9127516778523,
0,-1544561.452418276,-0.89,,6,2,5,1,1,393.85304659498206,397.7587412587413,441.6220735785953,459.50347222222223,597.177700348432,279.0,286.0,299.0,288.0,287.0,392.80286738351253,396.7237762237762,440.5183946488294,458.5,507.0278745644599,
0,-1663240.010252459,-0.9025,,3,2,6,5,3,393.9255319148936,397.17391304347825,439.16442953020135,456.84511784511784,500.6219931271478,282.0,299.0,298.0,297.0,291.0,392.7730496453901,395.96321070234114,438.1409395973154,455.7979797979798,499.6219931271478,
0,-1517185.4726509561,-0.9075,,2,3,5,4,0,393.9556313993174,396.36842105263156,438.52027027027026,457.9311594202899,500.1232876712329,293.0,285.0,296.0,276.0,292.0,392.7849829351536,395.23508771929824,437.4966216216216,456.92391304347825,499.1232876712329,
0,-1618167.8223737865,-0.8875,,0,4,5,3,6,394.10169491525426,398.26072607260727,439.1918819188192,459.8621908127208,505.95205479452056,295.0,303.0,271.0,283.0,292.0,393.01355932203387,397.1782178217822,438.12546125461256,458.8621908127208,504.9349315068493,
0,-1549318.8141121953,-0.89875,,3,4,0,5,2,394.1023102310231,396.3936170212766,438.2448979591837,457.84,507.4035087719298,303.0,282.0,294.0,300.0,285.0,392.9240924092409,395.2588652482269,437.187074829932,456.83,506.4035087719298,
0,-1588529.5580812865,-0.88375,,6,2,3,2,5,392.2371134020619,397.0359712230216,437.9119718309859,458.21660649819495,499.1535836177474,291.0,278.0,284.0,277.0,293.0,391.0893470790378,395.8956834532374,436.8274647887324,457.2129963898917,498.12969283276453,
0,-1482863.524074135,-0.89,,2,0,3,3,4,393.09491525423726,397.6448275862069,436.9530685920578,459.20062695924764,504.1328413284133,295.0,290.0,277.0,319.0,271.0,391.96610169491527,396.50689655172414,435.87725631768956,458.1473354231975,503.1328413284133,
0,-1601595.6902852568,-0.88875,,0,6,0,5,5,395.76490066225165,399.51864406779663,554.4894366197183,458.36551724137934,503.5703422053232,302.0,295.0,284.0,290.0,263.0,393.2682119205298,398.43050847457624,537.4612676056338,457.3586206896552,502.5703422053232,
0,-1149199.343443475,-0.855,,0,0,4,0,0,396.03125,519.5551724137931,439.975,602.2621359223301,668.8,256.0,290.0,280.0,206.0,150.0,391.859375,501.5586206896552,438.9714285714286,590.6310679611651,659.48,
0,-1503741.050231796,-0.89,,2,5,1,6,0,393.3333333333333,398.92391304347825,441.2153284671533,457.17910447761193,587.6945337620579,291.0,276.0,274.0,268.0,311.0,392.192439862543,397.79347826086956,440.1861313868613,456.160447761194,501.65273311897107,
0,-1490611.0450818795,-0.885,,4,6,0,0,1,393.5263157894737,398.53956834532374,438.42578125,560.4130434782609,639.7377622377622,285.0,278.0,256.0,322.0,286.0,392.30526315789473,397.3956834532374,437.07421875,550.4378881987577,503.2167832167832,
0,-1556210.0634885442,-0.89125,,1,1,5,4,3,393.09722222222223,486.2122186495177,439.56944444444446,454.9304029304029,508.74418604651163,288.0,311.0,288.0,273.0,301.0,392.0138888888889,396.0,438.5625,453.9230769230769,507.74418604651163,
0,-1570347.235158102,-0.88375,,3,5,0,5,2,393.77777777777777,398.3333333333333,441.69256756756755,458.58561643835617,509.7882736156352,297.0,276.0,296.0,292.0,307.0,392.7003367003367,397.2608695652174,440.59797297297297,457.58561643835617,508.7687296416938,
