0,-1298184.3335367655,-0.925,,1,2,1,3,2,393.93333333333334,397.64444444444445,535.8155339805825,458.37953795379536,503.9968944099379,285.0,315.0,309.0,303.0,322.0,392.719298245614,396.5936507936508,438.06148867313914,457.3696369636964,502.9968944099379,
0,-1304628.962307575,-0.90875,,2,4,3,0,3,393.03333333333336,396.7411003236246,440.0347003154574,459.46308724832215,506.76973684210526,300.0,309.0,317.0,298.0,304.0,391.94666666666666,395.6472491909385,438.98107255520506,458.3859060402685,505.76973684210526,
1,-1292338.9149151198,-0.91,,2,4,1,3,0,392.7934426229508,397.9836065573771,440.0372881355932,458.71,609.2142857142857,305.0,305.0,295.0,300.0,294.0,391.68524590163935,396.85573770491806,438.98644067796613,457.6533333333333,499.734693877551,
1,-1266668.1697139891,-0.91625,,3,0,2,1,2,393.4983498349835,397.72053872053874,439.95087719298243,559.2958801498128,505.0485436893204,303.0,297.0,285.0,267.0,309.0,392.28052805280527,396.6599326599327,438.9122807017544,456.7790262172285,504.0485436893204,
1,-1263663.4929742827,-0.91875,,1,4,2,2,4,394.0625,396.69395017793596,441.69407894736844,458.25524475524475,504.93950177935943,320.0,281.0,304.0,286.0,281.0,392.834375,395.5017793594306,440.6513157894737,457.25524475524475,503.93950177935943,
1,-1284838.226573719,-0.915,,3,1,3,3,2,395.06711409395973,397.8433333333333,439.98333333333335,458.8277027027027,504.59298245614036,298.0,300.0,300.0,296.0,285.0,393.9295302013423,396.74333333333334,438.9166666666667,457.81756756756755,503.59298245614036,
1,-1303027.6543653768,-0.9075,,1,2,4,3,2,393.3781818181818,398.3707482993197,438.5209003215434,458.664406779661,505.6,275.0,294.0,311.0,295.0,320.0,392.28727272727275,397.2721088435374,437.44372990353696,457.6474576271186,504.6,
2,-1285168.4694183199,-0.90875,,4,0,2,1,3,393.61805555555554,397.5536912751678,438.4967320261438,571.1540983606558,506.3211920529801,288.0,298.0,306.0,305.0,302.0,392.375,396.3993288590604,437.4967320261438,457.3081967213115,505.3211920529801,
2,-1253629.612415092,-0.9175,,4,1,2,2,1,393.3851851851852,397.6885813148789,440.0726643598616,458.2394822006473,593.8668941979522,270.0,289.0,289.0,309.0,293.0,392.24074074074076,396.46712802768167,439.05882352941177,457.2330097087379,501.8600682593857,
2,-1275207.07851376,-0.91125,,0,4,3,3,0,396.1666666666667,397.926517571885,442.04428044280445,458.58843537414964,594.3697183098592,288.0,313.0,271.0,294.0,284.0,393.3645833333333,396.7859424920128,440.98523985239854,457.58843537414964,581.7711267605633,
2,-1254216.1773865912,-0.91375,,3,3,2,3,0,393.5210355987055,398.0774647887324,436.5508196721311,455.4021352313167,500.3046594982079,309.0,284.0,305.0,281.0,279.0,392.3462783171521,396.9119718309859,435.4622950819672,454.3914590747331,499.2974910394265,
2,-1290744.9948764169,-0.895,,4,1,1,3,2,393.40683229813664,397.83056478405314,533.0198675496689,456.7733333333333,502.1258503401361,322.0,301.0,302.0,300.0,294.0,392.2670807453416,396.66777408637876,439.18543046357615,455.76666666666665,501.1258503401361,
3,-1279699.687245447,-0.9025,,3,1,3,3,1,394.04234527687294,397.9084745762712,441.25082508250824,457.8550185873606,612.8566552901024,307.0,295.0,303.0,269.0,293.0,392.9315960912052,396.82372881355934,440.2178217821782,456.81040892193306,501.26962457337885,
3,-1285087.4041523037,-0.89875,,4,0,2,2,2,394.363321799308,397.4607508532423,437.3044982698962,458.45051194539246,505.6986301369863,289.0,293.0,289.0,293.0,292.0,393.2283737024221,396.3856655290102,436.2871972318339,457.43686006825936,504.6986301369863,
3,-1237695.296199024,-0.91625,,0,1,1,4,1,394.1768953068592,479.6689189189189,590.0807017543859,457.5394736842105,672.0072463768116,277.0,296.0,285.0,304.0,276.0,393.11191335740074,397.3682432432432,438.6070175438596,456.5230263157895,502.2173913043478,
3,-1261973.5119201634,-0.905,,2,3,3,2,2,393.6690909090909,397.2647058823529,438.34859154929575,458.32142857142856,507.5337620578778,275.0,306.0,284.0,308.0,311.0,392.5090909090909,396.1928104575163,437.3098591549296,457.2987012987013,506.524115755627,
3,-1270179.4904722804,-0.90375,,1,2,4,2,2,393.66996699669966,397.5432525951557,437.1619718309859,458.81944444444446,504.27,303.0,289.0,284.0,288.0,300.0,392.58415841584156,396.363321799308,436.11619718309856,457.81597222222223,503.26666666666665,
3,-1260523.3207339693,-0.90625,,3,0,1,3,1,394.0838709677419,400.0101694915254,535.4509803921569,459.068345323741,683.6461538461539,310.0,295.0,306.0,278.0,260.0,392.76774193548385,398.928813559322,437.7450980392157,458.068345323741,506.03846153846155,
3,-1255891.2628095038,-0.91125,,4,1,2,3,1,393.1875,397.36655948553056,440.1684210526316,455.9818181818182,604.1648745519714,288.0,311.0,285.0,275.0,279.0,392.1145833333333,396.2893890675241,439.12280701754383,454.9381818181818,498.0501792114695,
3,-1249262.2752063442,-0.91375,,1,0,2,4,2,393.8095238095238,481.61870503597123,439.48972602739724,458.01079136690646,503.0374149659864,294.0,278.0,292.0,278.0,294.0,392.7040816326531,396.43884892086334,438.3595890410959,457.01079136690646,502.0374149659864,
4,-1278375.3314657079,-0.8975,,3,1,3,0,3,393.33112582781456,397.037037037037,440.0721003134796,588.3731884057971,505.99649122807017,302.0,297.0,319.0,276.0,285.0,392.15562913907286,395.993265993266,438.97492163009406,459.5326086956522,504.99649122807017,
4,-1217401.7737010792,-0.915,,3,2,4,2,4,393.5257731958763,398.1078431372549,438.66326530612247,455.79715302491104,503.55555555555554,291.0,306.0,294.0,281.0,288.0,392.3745704467354,396.9967320261438,437.6530612244898,454.7686832740213,502.55555555555554,
4,-1262338.1054890766,-0.9,,0,2,4,2,4,393.1666666666667,397.8777777777778,438.387417218543,458.9583333333333,500.2150170648464,318.0,270.0,302.0,288.0,293.0,392.07861635220127,396.81851851851854,437.36092715231786,457.9583333333333,499.2150170648464,
4,-1255314.9471808881,-0.90625,,2,4,3,3,3,394.0033444816053,397.5286195286195,439.4914089347079,457.6020408163265,504.34944237918216,299.0,297.0,291.0,294.0,269.0,392.809364548495,396.45791245791247,438.4707903780069,456.52721088435374,503.34944237918216,
4,-1247718.0994182553,-0.91,,2,3,3,2,4,394.5520833333333,398.26797385620915,440.9793103448276,458.5371621621622,508.21864951768487,288.0,306.0,290.0,296.0,311.0,393.4583333333333,397.19607843137254,439.951724137931,457.5304054054054,507.19614147909965,
4,-1226460.5104838707,-0.9125,,0,0,2,3,2,394.6183745583039,522.5647482014389,438.42402826855124,457.1438127090301,505.38461538461536,283.0,278.0,283.0,299.0,286.0,392.46643109540634,513.3920863309353,437.41342756183747,456.1170568561873,504.38461538461536,
5,-1276963.8742688322,-0.89625,,3,1,3,3,3,393.06206896551726,397.18954248366015,441.9493243243243,458.8873720136519,506.7986111111111,290.0,306.0,296.0,293.0,288.0,391.8965517241379,396.1111111111111,440.94256756756755,457.8873720136519,505.7986111111111,
5,-1257546.3601922032,-0.9,,3,1,3,3,0,392.8556338028169,398.47297297297297,439.7876447876448,457.13028169014086,603.9700996677741,284.0,296.0,259.0,284.0,301.0,391.6021126760563,397.4155405405405,438.75289575289577,456.1267605633803,496.12292358803984,
5,-1258764.22719943,-0.8975,,4,1,3,2,4,394.2767527675277,398.1156462585034,439.3130990415335,459.0153846153846,504.56756756756755,271.0,294.0,313.0,325.0,296.0,393.23247232472323,397.0408163265306,438.26198083067095,458.0153846153846,503.56756756756755,
5,-1253572.9656050787,-0.905,,3,0,2,2,1,393.4421768707483,397.3718411552347,437.20494699646645,456.9691780821918,579.8136200716846,294.0,277.0,283.0,292.0,279.0,392.2448979591837,396.23104693140795,436.13074204947,455.9691780821918,496.505376344086,
5,-1254987.3393135613,-0.90125,,3,1,2,1,3,393.45602605863195,397.8487084870849,438.14900662251654,539.68,504.679180887372,307.0,271.0,302.0,275.0,293.0,392.31921824104234,396.80073800738006,437.10596026490066,456.9490909090909,503.679180887372,
5,-1236338.600177872,-0.91,,3,5,3,0,4,394.114006514658,397.21478873239437,441.09722222222223,458.84789644012943,508.28980891719743,307.0,284.0,288.0,309.0,314.0,392.90228013029315,396.1443661971831,440.09027777777777,457.84142394822004,507.28662420382165,
5,-1245827.543570318,-0.9075,,2,3,0,5,2,394.16037735849056,397.0408163265306,438.6006389776358,459.13937282229966,506.92605633802816,318.0,294.0,313.0,287.0,284.0,393.0157232704403,395.9387755102041,437.57507987220447,458.13240418118465,505.92605633802816,
5,-1205448.0568582125,-0.91125,,2,4,3,3,4,393.0071174377224,396.55743243243245,436.3592233009709,455.9340659340659,504.12454212454213,281.0,296.0,309.0,273.0,273.0,391.7615658362989,395.40202702702703,435.28155339805824,454.9230769230769,503.12454212454213,
6,-1269940.5079119387,-0.89125,,4,0,2,1,1,394.14878892733566,398.202614379085,436.60283687943263,566.1,677.3180212014134,289.0,306.0,282.0,300.0,283.0,393.1038062283737,397.10130718954247,435.56028368794324,455.42,496.09187279151945,
6,-1256788.872990658,-0.89625,,5,3,3,0,0,393.0976430976431,397.1540983606557,441.6600660066007,455.4760273972603,629.1043165467626,297.0,305.0,303.0,292.0,278.0,392.020202020202,396.0032786885246,440.65346534653463,454.1404109589041,602.2517985611511,
6,-1258354.7920686482,-0.895,,2,0,2,3,3,393.15488215488216,396.6346863468635,440.35087719298247,458.98201438848923,500.74917491749176,297.0,271.0,285.0,278.0,303.0,392.013468013468,395.5350553505535,439.3263157894737,457.98201438848923,499.74917491749176,
6,-1250395.5206626253,-0.905,,4,3,2,1,1,393.247619047619,398.5612244897959,442.3333333333333,458.4039735099338,621.4787234042553,315.0,294.0,288.0,302.0,282.0,392.0698412698413,397.52721088435374,441.3229166666667,457.4006622516556,500.58156028368796,
6,-1253904.490032646,-0.8975,,2,2,1,3,2,393.53198653198655,398.5646258503401,440.75,459.82781456953643,504.24642857142857,297.0,294.0,304.0,302.0,280.0,392.4208754208754,397.4625850340136,439.7368421052632,458.81456953642385,503.24642857142857,
6,-1229427.5168558673,-0.90875,,1,0,2,1,0,395.04333333333335,486.78892733564015,440.42033898305084,616.8350515463917,731.4041666666667,300.0,289.0,295.0,291.0,240.0,393.00666666666666,397.20415224913495,439.35593220338984,455.8556701030928,618.5833333333334,
6,-1238717.2598379985,-0.9075,,1,3,1,0,0,394.9258064516129,398.3956043956044,549.0378006872852,606.8993288590603,733.4285714285714,310.0,273.0,291.0,298.0,238.0,393.0741935483871,397.2600732600733,438.4914089347079,458.3859060402685,679.0420168067227,
6,-1203757.9929182916,-0.91125,,5,5,3,1,3,395.02258064516127,399.0310344827586,441.0673758865248,458.0858085808581,500.85897435897436,310.0,290.0,282.0,303.0,312.0,393.85806451612905,397.9655172413793,440.0673758865248,457.0825082508251,499.85897435897436,
7,-1259062.404006132,-0.88875,,4,1,3,0,3,394.21942446043164,398.14869888475835,438.19620253164555,555.9419795221843,503.86941580756013,278.0,269.0,316.0,293.0,291.0,393.1043165467626,397.0669144981413,437.17088607594934,456.8839590443686,502.86941580756013,
7,-1249893.8657965136,-0.89875,,0,2,4,3,4,393.44086021505376,398.7830508474576,438.6421725239617,457.92483660130716,508.26279863481227,279.0,295.0,313.0,306.0,293.0,392.1648745519713,397.6813559322034,437.57507987220447,456.92483660130716,507.24914675767917,
7,-1245670.3766666024,-0.905,,2,3,4,0,4,391.9233449477352,398.0416666666667,439.465034965035,458.7843137254902,499.6224489795918,287.0,312.0,286.0,306.0,294.0,390.70034843205576,396.84615384615387,438.45104895104896,457.75816993464053,498.6020408163265,
7,-1251660.751806665,-0.8975,,0,4,3,2,3,393.4725274725275,399.12720848056534,437.6326530612245,457.38461538461536,505.59106529209623,273.0,283.0,294.0,299.0,291.0,392.27106227106225,398.0530035335689,436.5986394557823,456.3478260869565,504.58419243986253,
7,-1232245.22872206,-0.90625,,5,4,3,3,0,393.71232876712327,398.1602787456446,439.37373737373736,455.2857142857143,506.23225806451615,292.0,287.0,297.0,315.0,310.0,392.6232876712329,397.0243902439024,438.3030303030303,454.20952380952383,505.23225806451615,
7,-1168245.1060283277,-0.90875,,6,0,2,2,1,393.41843971631204,398.5827814569536,438.5888888888889,457.8049645390071,563.3468634686346,282.0,302.0,270.0,282.0,271.0,392.3014184397163,397.3841059602649,437.56296296296296,456.7730496453901,497.1808118081181,
7,-1197870.9595264012,-0.9075,,0,0,4,3,1,394.64028776978415,532.5265017667845,437.07216494845363,459.5774647887324,644.6838235294117,278.0,283.0,291.0,284.0,272.0,392.28776978417267,517.756183745583,436.0549828178694,458.5774647887324,497.4742647058824,
8,-1253660.210428459,-0.87625,,4,0,2,3,2,393.38028169014086,397.182119205298,435.6373626373626,454.9823943661972,503.2491103202847,284.0,302.0,273.0,284.0,281.0,392.23591549295776,396.10596026490066,434.5201465201465,453.9823943661972,502.2491103202847,
