0,-1298184.3335367655,-0.925,,1,2,1,3,2,393.93333333333334,397.64444444444445,535.8155339805825,458.37953795379536,503.9968944099379,285.0,315.0,309.0,303.0,322.0,392.719298245614,396.5936507936508,438.06148867313914,457.3696369636964,502.9968944099379,
1,-1254216.1773865912,-0.91375,,3,3,2,3,0,393.5210355987055,398.0774647887324,436.5508196721311,455.4021352313167,500.3046594982079,309.0,284.0,305.0,281.0,279.0,392.3462783171521,396.9119718309859,435.4622950819672,454.3914590747331,499.2974910394265,
1,-1237695.296199024,-0.91625,,0,1,1,4,1,394.1768953068592,479.6689189189189,590.0807017543859,457.5394736842105,672.0072463768116,277.0,296.0,285.0,304.0,276.0,393.11191335740074,397.3682432432432,438.6070175438596,456.5230263157895,502.2173913043478,
1,-1292338.9149151198,-0.91,,2,4,1,3,0,392.7934426229508,397.9836065573771,440.0372881355932,458.71,609.2142857142857,305.0,305.0,295.0,300.0,294.0,391.68524590163935,396.85573770491806,438.98644067796613,457.6533333333333,499.734693877551,
2,-1203757.9929182916,-0.91125,,5,5,3,1,3,395.02258064516127,399.0310344827586,441.0673758865248,458.0858085808581,500.85897435897436,310.0,290.0,282.0,303.0,312.0,393.85806451612905,397.9655172413793,440.0673758865248,457.0825082508251,499.85897435897436,
2,-1261973.5119201634,-0.905,,2,3,3,2,2,393.6690909090909,397.2647058823529,438.34859154929575,458.32142857142856,507.5337620578778,275.0,306.0,284.0,308.0,311.0,392.5090909090909,396.1928104575163,437.3098591549296,457.2987012987013,506.524115755627,
2,-1236338.600177872,-0.91,,3,5,3,0,4,394.114006514658,397.21478873239437,441.09722222222223,458.84789644012943,508.28980891719743,307.0,284.0,288.0,309.0,314.0,392.90228013029315,396.1443661971831,440.09027777777777,457.84142394822004,507.28662420382165,
2,-1279699.687245447,-0.9025,,3,1,3,3,1,394.04234527687294,397.9084745762712,441.25082508250824,457.8550185873606,612.8566552901024,307.0,295.0,303.0,269.0,293.0,392.9315960912052,396.82372881355934,440.2178217821782,456.81040892193306,501.26962457337885,
2,-1245827.543570318,-0.9075,,2,3,0,5,2,394.16037735849056,397.0408163265306,438.6006389776358,459.13937282229966,506.92605633802816,318.0,294.0,313.0,287.0,284.0,393.0157232704403,395.9387755102041,437.57507987220447,458.13240418118465,505.92605633802816,
3,-1253572.9656050787,-0.905,,3,0,2,2,1,393.4421768707483,397.3718411552347,437.20494699646645,456.9691780821918,579.8136200716846,294.0,277.0,283.0,292.0,279.0,392.2448979591837,396.23104693140795,436.13074204947,455.9691780821918,496.505376344086,
3,-1229427.5168558673,-0.90875,,1,0,2,1,0,395.04333333333335,486.78892733564015,440.42033898305084,616.8350515463917,731.4041666666667,300.0,289.0,295.0,291.0,240.0,393.00666666666666,397.20415224913495,439.35593220338984,455.8556701030928,618.5833333333334,
3,-1262338.1054890766,-0.9,,0,2,4,2,4,393.1666666666667,397.8777777777778,438.387417218543,458.9583333333333,500.2150170648464,318.0,270.0,302.0,288.0,293.0,392.07861635220127,396.81851851851854,437.36092715231786,457.9583333333333,499.2150170648464,
3,-1238717.2598379985,-0.9075,,1,3,1,0,0,394.9258064516129,398.3956043956044,549.0378006872852,606.8993288590603,733.4285714285714,310.0,273.0,291.0,298.0,238.0,393.0741935483871,397.2600732600733,438.4914089347079,458.3859060402685,679.0420168067227,
4,-1250395.5206626253,-0.905,,4,3,2,1,1,393.247619047619,398.5612244897959,442.3333333333333,458.4039735099338,621.4787234042553,315.0,294.0,288.0,302.0,282.0,392.0698412698413,397.52721088435374,441.3229166666667,457.4006622516556,500.58156028368796,
4,-1168245.1060283277,-0.90875,,6,0,2,2,1,393.41843971631204,398.5827814569536,438.5888888888889,457.8049645390071,563.3468634686346,282.0,302.0,270.0,282.0,271.0,392.3014184397163,397.3841059602649,437.56296296296296,456.7730496453901,497.1808118081181,
4,-1256788.872990658,-0.89625,,5,3,3,0,0,393.0976430976431,397.1540983606557,441.6600660066007,455.4760273972603,629.1043165467626,297.0,305.0,303.0,292.0,278.0,392.020202020202,396.0032786885246,440.65346534653463,454.1404109589041,602.2517985611511,
4,-1259062.404006132,-0.88875,,4,1,3,0,3,394.21942446043164,398.14869888475835,438.19620253164555,555.9419795221843,503.86941580756013,278.0,269.0,316.0,293.0,291.0,393.1043165467626,397.0669144981413,437.17088607594934,456.8839590443686,502.86941580756013,
4,-1253904.490032646,-0.8975,,2,2,1,3,2,393.53198653198655,398.5646258503401,440.75,459.82781456953643,504.24642857142857,297.0,294.0,304.0,302.0,280.0,392.4208754208754,397.4625850340136,439.7368421052632,458.81456953642385,503.24642857142857,
4,-1232245.22872206,-0.90625,,5,4,3,3,0,393.71232876712327,398.1602787456446,439.37373737373736,455.2857142857143,506.23225806451615,292.0,287.0,297.0,315.0,310.0,392.6232876712329,397.0243902439024,438.3030303030303,454.20952380952383,505.23225806451615,
5,-1234993.8105998042,-0.905,,2,5,1,3,0,392.7871621621622,398.1593220338983,439.8327526132404,458.7173144876325,584.9741697416974,296.0,295.0,287.0,283.0,271.0,391.6216216216216,397.0813559322034,438.74216027874564,457.7173144876325,498.9667896678967,
5,-1248306.9483028972,-0.8925,,0,2,2,3,4,393.66889632107024,396.9793103448276,440.64918032786886,456.4270833333333,497.06642066420665,299.0,290.0,305.0,288.0,271.0,392.4782608695652,395.8586206896552,439.6131147540984,455.4270833333333,496.0405904059041,
5,-1253660.210428459,-0.87625,,4,0,2,3,2,393.38028169014086,397.182119205298,435.6373626373626,454.9823943661972,503.2491103202847,284.0,302.0,273.0,284.0,281.0,392.23591549295776,396.10596026490066,434.5201465201465,453.9823943661972,502.2491103202847,
5,-1223121.930827885,-0.90625,,4,3,4,2,2,393.4707792207792,398.16906474820144,440.48852459016393,460.72402597402595,505.3492063492063,308.0,278.0,305.0,308.0,315.0,392.2922077922078,397.12589928057554,439.4754098360656,459.711038961039,504.3492063492063,
6,-1231166.2907471387,-0.89375,,2,0,4,2,0,392.48387096774195,398.03934426229506,439.43506493506493,458.7683397683398,616.5172413793103,279.0,305.0,308.0,259.0,261.0,391.3440860215054,396.1901639344262,438.4025974025974,457.74903474903476,594.727969348659,
6,-1226025.096041455,-0.89875,,3,2,2,3,2,393.5771812080537,398.86925795053,438.3447098976109,457.3421052631579,500.7985611510791,298.0,283.0,293.0,266.0,278.0,392.4429530201342,397.773851590106,437.29010238907847,456.33458646616543,499.7985611510791,
6,-1207359.8346170208,-0.90375,,0,0,4,3,0,395.2120141342756,534.9212328767123,440.4750830564784,456.7033333333333,631.9181818181818,283.0,292.0,301.0,300.0,220.0,392.0388692579505,512.8390410958904,439.4186046511628,455.7033333333333,610.3272727272728,
6,-1213846.8729093648,-0.90125,,3,3,4,3,1,393.53333333333336,397.0033783783784,437.4895833333333,458.92280701754385,501.98545454545456,300.0,296.0,288.0,285.0,275.0,392.31,395.8581081081081,436.4375,457.88421052631577,500.97818181818184,
6,-1156548.9485650863,-0.90625,,3,5,2,5,2,393.6543624161074,397.12286689419795,439.61774744027304,457.30743243243245,502.5074074074074,298.0,293.0,293.0,296.0,270.0,392.5469798657718,396.0204778156997,438.59726962457336,456.2972972972973,501.5074074074074,
6,-1208591.9268696662,-0.9025,,1,5,2,5,0,392.6504854368932,398.04347826086956,437.7586206896552,459.8041958041958,602.3125,309.0,276.0,290.0,286.0,288.0,391.3592233009709,396.9927536231884,436.7,458.8041958041958,495.28472222222223,
7,-1229184.5334439408,-0.88125,,4,0,2,1,2,392.6622516556291,397.7631578947368,440.34353741496597,563.6679245283019,503.01666666666665,302.0,266.0,294.0,265.0,300.0,391.5165562913907,396.73308270676694,439.3061224489796,455.8377358490566,502.01666666666665,
7,-1226248.4404523913,-0.89375,,0,3,3,1,1,393.6289752650177,398.2957746478873,437.2114695340502,572.7233333333334,658.76171875,283.0,284.0,279.0,300.0,256.0,392.57597173144876,397.2112676056338,436.1182795698925,457.21666666666664,500.25390625,
7,-1228448.9025002215,-0.89,,5,2,1,4,2,393.04912280701757,397.958064516129,439.4864864864865,456.6413793103448,505.940350877193,285.0,310.0,296.0,290.0,285.0,391.7543859649123,396.8322580645161,438.4222972972973,455.63793103448273,504.940350877193,
7,-1223612.6757363954,-0.89875,,1,5,1,1,3,393.59485530546624,397.87003610108303,525.0372881355933,629.8867313915857,498.96389891696754,311.0,277.0,295.0,309.0,277.0,392.4983922829582,396.6534296028881,436.44406779661017,457.6084142394822,497.96389891696754,
7,-1211568.5406589285,-0.9,,5,2,1,3,2,392.66312056737587,397.73021582733816,437.086642599278,457.97492163009406,503.5234657039711,282.0,278.0,277.0,319.0,277.0,391.49645390070924,396.6151079136691,436.043321299639,456.9686520376176,502.5234657039711,
7,-1206737.870384587,-0.90125,,5,4,0,1,4,393.56610169491523,398.7482993197279,439.00689655172414,551.6266233766233,503.72053872053874,295.0,294.0,290.0,308.0,297.0,392.46101694915257,397.61224489795916,437.951724137931,459.12987012987014,502.6599326599327,
8,-1228185.4693665586,-0.88875,,0,1,3,3,1,392.62046204620464,490.72759856630825,436.2781954887218,457.493006993007,672.2621722846442,303.0,279.0,266.0,286.0,267.0,391.4191419141914,396.43727598566306,435.203007518797,456.47902097902096,497.10861423220973,
8,-1219394.4515629068,-0.89625,,1,5,1,3,3,393.2103448275862,398.3682432432432,524.2357142857143,457.3776223776224,507.00666666666666,290.0,296.0,280.0,286.0,300.0,392.0931034482759,397.1655405405405,439.33214285714286,456.3286713286713,506.00666666666666,
8,-1203465.5169412673,-0.89875,,3,2,0,1,4,394.52,398.0171821305842,440.2043010752688,556.5501730103806,505.5164835164835,300.0,291.0,279.0,289.0,273.0,393.41333333333336,396.9828178694158,439.16129032258067,457.62629757785464,504.5164835164835,
8,-1204472.6301283957,-0.8975,,1,2,2,3,0,393.4891304347826,396.8101694915254,441.2967032967033,458.16610169491526,568.2094861660079,276.0,295.0,273.0,295.0,253.0,392.3369565217391,395.6745762711864,440.2967032967033,457.1627118644068,491.600790513834,
8,-1178264.8586153719,-0.90125,,3,5,2,1,0,394.19565217391306,399.48,438.61538461538464,458.4295081967213,617.082304526749,276.0,275.0,299.0,305.0,243.0,393.0869565217391,398.46909090909094,437.54515050167225,457.41967213114754,503.1358024691358,
9,-1223513.6722210338,-0.87875,,1,3,1,4,2,393.5255474452555,397.2798634812287,531.7297297297297,457.25949367088606,500.35333333333335,274.0,293.0,259.0,316.0,300.0,392.2810218978102,396.17747440273035,436.7799227799228,456.24367088607596,499.35333333333335,
9,-1218280.6372141219,-0.89625,,1,5,1,0,4,393.33088235294116,399.72,520.8376623376623,607.5743243243244,504.5366666666667,272.0,300.0,308.0,296.0,300.0,392.25367647058823,398.6333333333333,437.73376623376623,456.6621621621622,503.5366666666667,
9,-1218673.284239641,-0.8925,,3,2,3,1,4,392.9026845637584,398.253164556962,441.5481727574751,459.5992509363296,504.09507042253523,298.0,316.0,301.0,267.0,284.0,391.8322147651007,397.13607594936707,440.5016611295681,458.5992509363296,503.09507042253523,
9,-1190508.9751680763,-0.89875,,1,0,1,0,3,394.7992957746479,485.1677852348993,605.3209459459459,703.549645390071,507.41883116883116,284.0,298.0,296.0,282.0,308.0,393.0387323943662,396.9026845637584,438.0168918918919,617.6524822695036,506.41883116883116,
9,-1202130.1184775757,-0.8975,,2,0,5,2,0,394.0813559322034,399.1978417266187,439.1821428571429,459.2540192926045,599.6968503937007,295.0,278.0,280.0,311.0,254.0,392.85084745762714,397.11870503597123,438.11071428571427,458.2443729903537,574.0393700787401,
9,-1167287.4368000356,-0.90125,,4,6,1,3,0,393.47955390334573,397.19218241042347,438.53521126760563,456.4295532646048,588.3300970873786,269.0,307.0,284.0,291.0,309.0,392.2788104089219,396.10749185667754,437.4542253521127,455.39862542955325,503.1294498381877,
10,-1218513.3155595968,-0.89125,,1,5,2,3,0,393.51162790697674,398.0875912408759,438.4597315436242,458.705501618123,584.5052264808362,258.0,274.0,298.0,309.0,287.0,392.2674418604651,396.98175182481754,437.4228187919463,457.68932038834953,501.22996515679444,
10,-1129830.4452459386,-0.90125,,4,3,4,2,5,393.2244897959184,398.8723404255319,437.63120567375887,455.92857142857144,503.3958333333333,294.0,282.0,282.0,308.0,288.0,391.98979591836735,397.78014184397165,436.57092198581563,454.9155844155844,502.3958333333333,
10,-1199485.325909173,-0.8975,,3,2,0,1,0,392.77319587628864,398.9592592592593,438.08910891089107,579.2616487455197,679.5515873015873,291.0,270.0,303.0,279.0,252.0,391.5601374570447,397.9148148148148,436.53465346534654,457.3333333333333,616.2619047619048,
10,-1152612.0178917537,-0.89875,,1,3,2,4,5,394.6267123287671,398.2842105263158,438.83093525179856,458.1824104234528,501.27106227106225,292.0,285.0,278.0,307.0,273.0,393.4075342465753,397.1859649122807,437.76258992805754,457.1726384364821,500.27106227106225,
