0,-1261973.5119201634,-0.905,,2,3,3,2,2,393.6690909090909,397.2647058823529,438.34859154929575,458.32142857142856,507.5337620578778,275.0,306.0,284.0,308.0,311.0,392.5090909090909,396.1928104575163,437.3098591549296,457.2987012987013,506.524115755627,
0,-1105366.231176059,-0.8725,,0,2,6,3,5,393.15,398.4530201342282,437.57801418439715,457.4299674267101,503.1915584415584,280.0,298.0,282.0,307.0,308.0,392.0285714285714,397.4026845637584,436.5354609929078,456.4299674267101,502.1915584415584,
0,-1195140.1912630606,-0.885,,4,3,1,4,4,394.34602076124565,397.7871621621622,439.41342756183747,457.6689189189189,505.94594594594594,289.0,296.0,283.0,296.0,296.0,393.15916955017303,396.6993243243243,438.35335689045934,456.6689189189189,504.94594594594594,
0,-1063974.9018719932,-0.8975,,4,6,4,0,5,393.3675496688742,398.53177257525084,440.3754266211604,458.5098039215686,504.18394648829434,302.0,299.0,293.0,306.0,299.0,392.2582781456954,397.39464882943145,439.3651877133106,457.5098039215686,503.18394648829434,
0,-1058587.170338122,-0.87125,,3,2,5,3,6,394.1503759398496,399.02272727272725,440.54703832752614,457.17021276595744,503.1185185185185,266.0,308.0,287.0,329.0,270.0,393.00375939849624,397.90909090909093,439.50522648083626,456.1550151975684,502.1148148148148,
0,-1152572.741310245,-0.9,,1,6,5,1,0,392.56401384083046,396.8406779661017,440.5422535211268,533.4214046822742,641.8286713286714,289.0,295.0,284.0,299.0,286.0,391.4083044982699,395.7322033898305,439.48943661971833,457.1404682274248,503.02097902097904,
0,-854597.0551216635,-0.88375,,1,6,5,5,6,393.8288590604027,397.59726962457336,436.953125,459.22996515679444,504.2509505703422,298.0,293.0,320.0,287.0,263.0,392.6241610738255,396.49829351535834,435.934375,458.22648083623693,503.2509505703422,
0,-1139443.5253495704,-0.8975,,4,2,3,6,0,393.5487012987013,397.59778597785976,437.68333333333334,457.79180887372013,503.1241610738255,308.0,271.0,300.0,293.0,298.0,392.38961038961037,396.48339483394835,436.5933333333333,456.79180887372013,502.1241610738255,
0,-1236338.600177872,-0.91,,3,5,3,0,4,394.114006514658,397.21478873239437,441.09722222222223,458.84789644012943,508.28980891719743,307.0,284.0,288.0,309.0,314.0,392.90228013029315,396.1443661971831,440.09027777777777,457.84142394822004,507.28662420382165,
0,-1121665.645623462,-0.87875,,0,4,6,0,1,395.20664206642067,398.78745644599303,439.41946308724835,550.2382671480144,644.148409893993,271.0,287.0,298.0,277.0,283.0,392.7490774907749,397.74216027874564,438.3959731543624,532.2888086642599,504.03533568904595,
0,-1026926.1844500299,-0.86,,4,3,6,3,1,393.4620938628159,397.6389891696751,439.15384615384613,456.2508960573477,503.2397003745318,277.0,277.0,260.0,279.0,267.0,392.3176895306859,396.56317689530687,438.15,455.2508960573477,502.20973782771534,
0,-1144437.7012691766,-0.8925,,3,5,4,2,2,393.90613718411555,397.6727272727273,436.6,457.520295202952,503.6530612244898,277.0,275.0,300.0,271.0,294.0,392.76895306859205,396.5527272727273,435.5833333333333,456.48339483394835,502.6530612244898,
0,-1208582.8769910657,-0.89375,,0,3,3,5,0,395.36805555555554,397.5483870967742,439.13398692810455,458.6102362204724,603.4676258992806,288.0,279.0,306.0,254.0,278.0,392.5104166666667,396.3440860215054,438.08496732026146,457.6102362204724,584.136690647482,
0,-1194771.1281248673,-0.89375,,4,4,3,0,3,394.78767123287673,398.25283018867924,436.55197132616485,456.4655172413793,502.93470790378007,292.0,265.0,279.0,290.0,291.0,393.6232876712329,397.1245283018868,435.51971326164875,455.39310344827584,501.93470790378007,
0,-1172463.1290343553,-0.88125,,1,5,0,4,5,393.1217105263158,398.33684210526314,524.416961130742,458.12714776632305,506.67477203647417,304.0,285.0,283.0,291.0,329.0,392.01973684210526,397.3157894736842,437.2791519434629,457.10996563573883,505.67477203647417,
0,-807726.0122452154,-0.86875,,5,5,6,5,4,393.18430034129693,398.0144927536232,437.72757475083057,456.72,500.9183673469388,293.0,276.0,301.0,275.0,294.0,391.9863481228669,396.9673913043478,436.7009966777409,455.63272727272727,499.9183673469388,
0,-1058938.8256730733,-0.86375,,1,3,5,6,4,393.59498207885304,397.9501661129568,438.44405594405595,455.79037800687286,505.25850340136054,279.0,301.0,286.0,291.0,294.0,392.4659498207885,396.8704318936877,437.34265734265733,454.7628865979381,504.2551020408163,
0,-1231166.2907471387,-0.89375,,2,0,4,2,0,392.48387096774195,398.03934426229506,439.43506493506493,458.7683397683398,616.5172413793103,279.0,305.0,308.0,259.0,261.0,391.3440860215054,396.1901639344262,438.4025974025974,457.74903474903476,594.727969348659,
0,-1063571.8769815764,-0.875,,5,2,2,5,5,393.1340579710145,398.4201388888889,437.93055555555554,455.8014184397163,500.9178082191781,276.0,288.0,288.0,282.0,292.0,391.8876811594203,397.2986111111111,436.8888888888889,454.79787234042556,499.9075342465753,
0,-974405.6947638068,-0.88375,,5,6,1,6,1,393.17687074829934,397.411320754717,437.4542372881356,457.7402597402597,567.8166089965398,294.0,265.0,295.0,308.0,289.0,392.0646258503401,396.2754716981132,436.3966101694915,456.7402597402597,507.2283737024221,
0,-1229184.5334439408,-0.88125,,4,0,2,1,2,392.6622516556291,397.7631578947368,440.34353741496597,563.6679245283019,503.01666666666665,302.0,266.0,294.0,265.0,300.0,391.5165562913907,396.73308270676694,439.3061224489796,455.8377358490566,502.01666666666665,
0,-1207359.8346170208,-0.90375,,0,0,4,3,0,395.2120141342756,534.9212328767123,440.4750830564784,456.7033333333333,631.9181818181818,283.0,292.0,301.0,300.0,220.0,392.0388692579505,512.8390410958904,439.4186046511628,455.7033333333333,610.3272727272728,
0,-948878.2262831533,-0.87125,,4,6,6,2,2,393.68918918918916,399.481884057971,434.96938775510205,457.3384030418251,500.43636363636364,296.0,276.0,294.0,263.0,275.0,392.55743243243245,398.4311594202899,433.94557823129253,456.29277566539923,499.43636363636364,
0,-1068830.4970916416,-0.87125,,1,1,6,2,5,392.7584905660377,477.8831168831169,439.01798561151077,457.66339869281046,501.19097222222223,265.0,308.0,278.0,306.0,288.0,391.48301886792456,396.3051948051948,437.99640287769785,456.6503267973856,500.1736111111111,
0,-1194245.5266409505,-0.88375,,5,1,1,2,3,393.93454545454546,396.85303514376994,529.9403508771929,457.5113636363636,503.9642857142857,275.0,313.0,285.0,264.0,280.0,392.82545454545453,395.8019169329074,436.2315789473684,456.43939393939394,502.9642857142857,
0,-1155278.253933954,-0.89,,4,4,2,2,4,393.54882154882154,398.7212543554007,439.2093862815884,457.9863481228669,506.375,297.0,287.0,277.0,293.0,280.0,392.37373737373736,397.62369337979095,438.1046931407942,456.9590443686007,505.375,
0,-1211568.5406589285,-0.9,,5,2,1,3,2,392.66312056737587,397.73021582733816,437.086642599278,457.97492163009406,503.5234657039711,282.0,278.0,277.0,319.0,277.0,391.49645390070924,396.6151079136691,436.043321299639,456.9686520376176,502.5234657039711,
0,-1213846.8729093648,-0.90125,,3,3,4,3,1,393.53333333333336,397.0033783783784,437.4895833333333,458.92280701754385,501.98545454545456,300.0,296.0,288.0,285.0,275.0,392.31,395.8581081081081,436.4375,457.88421052631577,500.97818181818184,
0,-1262338.1054890766,-0.9,,0,2,4,2,4,393.1666666666667,397.8777777777778,438.387417218543,458.9583333333333,500.2150170648464,318.0,270.0,302.0,288.0,293.0,392.07861635220127,396.81851851851854,437.36092715231786,457.9583333333333,499.2150170648464,
0,-1158385.594912995,-0.8975,,0,6,1,1,1,393.1808510638298,398.35357142857146,514.3898305084746,606.5795053003534,661.8827586206896,282.0,280.0,295.0,283.0,290.0,392.08156028368796,397.2392857142857,438.87118644067795,455.81272084805653,497.7655172413793,
0,-1138608.3893754538,-0.89375,,4,6,1,2,2,393.93220338983053,399.0195439739414,440.02456140350876,458.24912280701756,506.96875,295.0,307.0,285.0,285.0,288.0,392.7389830508475,397.96091205211724,439.00350877192983,457.23508771929824,505.96875,
0,-990385.7878096896,-0.88,,5,5,6,0,4,393.92691029900334,398.4581939799331,438.6753246753247,458.5699300699301,504.88967971530246,301.0,299.0,308.0,286.0,281.0,392.7674418604651,397.3545150501672,437.59415584415586,457.5524475524476,503.88967971530246,
0,-1170920.4371980503,-0.8975,,3,0,0,6,3,393.51,399.4148936170213,560.1796610169491,457.4370860927152,502.901023890785,300.0,282.0,295.0,302.0,293.0,392.3066666666667,397.6063829787234,545.857627118644,456.4072847682119,501.901023890785,
0,-1167541.7447507372,-0.87875,,4,2,0,5,0,393.625,396.7992957746479,438.1461538461538,457.2170818505338,613.6654411764706,288.0,284.0,260.0,281.0,272.0,392.40277777777777,395.5176056338028,436.8076923076923,456.19217081850536,590.6911764705883,
0,-1147970.4337075877,-0.865,,2,5,1,4,0,394.11267605633805,398.7389705882353,438.1546762589928,459.1102941176471,599.231884057971,284.0,272.0,278.0,272.0,276.0,392.97535211267603,397.61764705882354,437.0647482014389,458.1029411764706,498.4021739130435,
0,-1100106.1934896023,-0.89625,,2,6,0,1,5,393.4691780821918,397.60677966101696,435.5145631067961,569.1190476190476,508.64864864864865,292.0,295.0,309.0,294.0,296.0,392.291095890411,396.49830508474577,434.4466019417476,459.5170068027211,507.64864864864865,
0,-1021889.0583053424,-0.87875,,6,2,2,6,1,393.7361111111111,397.66775244299674,441.0361842105263,460.49825783972125,506.280701754386,288.0,307.0,304.0,287.0,285.0,392.66319444444446,396.628664495114,440.01973684210526,459.4808362369338,505.280701754386,
0,-1168382.6841190124,-0.8825,,1,1,4,4,1,393.5263157894737,472.2707581227437,438.37454545454545,458.86071428571427,629.8262548262549,266.0,277.0,275.0,280.0,259.0,392.35714285714283,395.2563176895307,437.3454545454546,457.85357142857146,497.55598455598454,
0,-1156548.9485650863,-0.90625,,3,5,2,5,2,393.6543624161074,397.12286689419795,439.61774744027304,457.30743243243245,502.5074074074074,298.0,293.0,293.0,296.0,270.0,392.5469798657718,396.0204778156997,438.59726962457336,456.2972972972973,501.5074074074074,
0,-1140113.7127934326,-0.88375,,0,0,1,1,0,396.2567567567568,529.4644194756554,605.2332155477031,671.8127208480565,741.0704225352113,296.0,267.0,283.0,283.0,213.0,393.3277027027027,510.15355805243445,434.8303886925795,454.0671378091873,684.056338028169,
0,-1168245.1060283277,-0.90875,,6,0,2,2,1,393.41843971631204,398.5827814569536,438.5888888888889,457.8049645390071,563.3468634686346,282.0,302.0,270.0,282.0,271.0,392.3014184397163,397.3841059602649,437.56296296296296,456.7730496453901,497.1808118081181,
0,-1203465.5169412673,-0.89875,,3,2,0,1,4,394.52,398.0171821305842,440.2043010752688,556.5501730103806,505.5164835164835,300.0,291.0,279.0,289.0,273.0,393.41333333333336,396.9828178694158,439.16129032258067,457.62629757785464,504.5164835164835,
0,-1204472.6301283957,-0.8975,,1,2,2,3,0,393.4891304347826,396.8101694915254,441.2967032967033,458.16610169491526,568.2094861660079,276.0,295.0,273.0,295.0,253.0,392.3369565217391,395.6745762711864,440.2967032967033,457.1627118644068,491.600790513834,
0,-1223612.6757363954,-0.89875,,1,5,1,1,3,393.59485530546624,397.87003610108303,525.0372881355933,629.8867313915857,498.96389891696754,311.0,277.0,295.0,309.0,277.0,392.4983922829582,396.6534296028881,436.44406779661017,457.6084142394822,497.96389891696754,
0,-1167069.8386609748,-0.87875,,2,6,3,0,3,393.85069444444446,395.98932384341634,439.80281690140845,455.9288256227758,506.4744027303754,288.0,281.0,284.0,281.0,293.0,392.7951388888889,394.83274021352315,438.7887323943662,454.87188612099646,505.4744027303754,
0,-849514.5107355785,-0.86625,,5,6,2,6,5,394.1058020477816,396.31756756756755,440.29276315789474,456.87947882736154,505.5466666666667,293.0,296.0,304.0,307.0,300.0,392.87713310580205,395.2466216216216,439.2269736842105,455.80781758957653,504.5466666666667,
0,-1036035.6565328825,-0.87,,4,6,0,1,4,394.52788104089217,396.968085106383,436.5249042145594,530.5591397849462,502.0483271375465,269.0,282.0,261.0,279.0,269.0,393.3940520446097,395.8723404255319,435.46360153256705,456.7383512544803,501.0483271375465,
0,-1181628.7857286604,-0.88625,,0,6,3,1,0,394.2117263843648,397.8041958041958,438.55725190839695,549.4818481848184,668.7732342007434,307.0,286.0,262.0,303.0,269.0,391.72638436482083,396.72727272727275,437.5381679389313,456.4257425742574,611.3308550185874,
0,-1099826.0748253309,-0.87625,,3,3,1,6,3,394.40520446096656,397.4230769230769,440.04918032786884,457.95714285714286,504.6373626373626,269.0,286.0,305.0,280.0,273.0,393.3382899628253,396.3916083916084,439.01967213114756,456.92857142857144,503.6373626373626,
0,-1132112.6823498295,-0.87875,,2,2,2,4,1,392.92015209125475,398.1380471380471,438.3157894736842,457.17543859649123,504.9557823129252,263.0,297.0,266.0,285.0,294.0,391.60076045627375,397.04040404040404,437.2781954887218,456.1298245614035,503.9387755102041,
