-822087.2903701272
-728244.0673583264
-780102.1731430503
-832751.7942474203
-854176.1340050213
-853608.3522139179
-747757.9989648333
-745674.5593162971
-771476.535185077
-807154.2932565087
-751508.7805799958
-785850.4201559275
-805153.097159364
-795083.6526258551
-812101.5291600971
-796591.9960197652
-757418.4696618835
-800460.2496579939
-779453.233380015
-860799.6471768316
-850934.6848344853
-839743.7043764264
-863498.9868727908
-812801.7002307194
-724234.0440713741
-738151.4240092202
-866809.8847938501
-711242.9808588605
-778298.671284955
-765109.55813852
-851577.3878128204
-812470.210397815
-666818.2030361224
-820955.7371857372
-879312.5268476903
-685922.6962666179
-751480.5212784634
-828466.0345976647
-785670.4410128534
-797426.3626903757
-651358.6799006228
-925913.6805168374
-694067.7176809539
-758868.6535389222
-799728.2972546392
-897029.5244806588
-682257.9727670051
-754198.9824094836
-801524.1570533528
-644585.3923091837
-748706.7462806837
-711629.6332254456
-874873.063567371
-788637.1288068476
-842609.9961321601
-672227.1515608135
-814967.4387627208
-794041.2689267667
-898755.408959815
-905097.4675050353
-599903.2627930006
-782572.2955091428
-733788.4830733404
-767503.909079918
-862673.6115920015
-752976.7616973805
-876682.7542090913
-734359.4024972182
-777931.0702857353
-879735.0358259615
-883006.6645638429
-752364.1535290477
-858542.6295289315
-679440.9817339235
-701148.9785015807
-807684.5246671733
-846648.5609957445
-921341.6246430026
-815309.2172222607
-781192.3013745504
-828735.077270587
-923121.3198192932
-754732.2394488367
-741854.6593952184
-684006.3137425142
-758582.7018639884
-787838.5563617506
-809192.6293797015
-787365.6744061108
-759364.2504162018
-575558.9899774714
-859289.5775784596
-710741.9329180749
-832530.8494475727
-818536.2616139412
-834132.1568936488
-824795.6475874867
-822825.6070256507
-739587.3771416635
-810456.3517669657
-794978.7583557401
-703053.1012048707
-795002.286782441
-872724.7548191028
-707654.8260495263
-882223.9300383065
-803803.6665153629
-889636.3784947381
-782820.2422026724
-851613.6569500185
-670798.0681570624
-762146.5864509968
-859753.9010921533
-812075.3336612922
-761140.1425413883
-856252.930126347
-777535.5787603974
-764769.1579843916
-786478.4848094952
-684965.4726213624
-810517.349487004
-639995.2335341268
-810594.6998292113
-840230.0507178986
-786644.1583479048
-809665.60396126
-773411.0681753227
-862343.5874758755
-737417.5184118632
-797068.070422178
-688458.1576901316
-737922.549217536
-881549.2509738945
-890269.1381158825
-927822.5405447399
-858322.7281507225
-714947.7446843227
-771507.618394031
-712735.065552306
-880878.8609824878
-730666.1443975114
-750366.8110658911
-780195.0657162216
-754113.8127410057
-716700.6035432342
-880974.506661314
-816131.0816376727
-759476.9122513895
-688961.0747787111
-898305.0358335011
-803090.5943782827
-802629.5735500858
-671204.5982400067
-795496.0447922362
-758506.8729534198
-903146.5937506673
-782991.0772412904
-790278.5123237935
-846302.0191582154
-779526.6208092502
-760779.7582365889
-888558.2562225403
-745405.784228588
-798332.2965571728
-791397.9997065611
-782345.600035652
-850407.8633746959
-723679.7955937661
-762399.8329635146
-863380.1174217897
-863652.1010971388
-866765.5317988237
-893923.1281153259
-869328.8275631109
-830786.2351677621
-859866.5443940116
-791976.1065811077
-751678.6586871513
-859138.2238381734
-755943.5281238242
-831061.2028532483
-798413.40698905
-822808.7495282796
-644512.8999040822
-778010.3658182743
-787372.1351252805
-822708.9354434154
-796799.0233503503
-794212.0593741578
-689672.7089342531
-780855.0609643304
-908261.9239630484
-806784.1563864473
-771288.2408493276
-752314.5996623421
-833996.509800233
-742803.778575794
-713878.457705653
-681898.2508135263
-914862.2790017788
-813330.1877807732
-829373.6964194528
-811064.9708603198
-811977.1920202629
-722235.0233579362
-885125.2514118253
-776177.5025709318
-749465.7726648236
-673644.7436797209
-682463.3503740281
-882920.7892622865
-676109.6425513565
-747842.8511239411
-647483.7191744064
-788431.4564391494
-672907.9988314789
-778847.7492666176
-780684.4952337856
-763284.7742536239
-839507.2754706896
-749611.4394718952
-844498.5596311484
-762375.9710157133
-709211.0415315353
-729975.2635751573
-778562.4875583634
-791980.275633759
-882140.7805870689
-751759.195382922
-770107.0522885055
-763973.6724300635
-775124.9701747096
-765499.9533250829
-751542.3692763648
-794523.18963243
-744220.3124076608
-814246.587846365
-836609.2701295143
-793962.5220396746
-794455.2984723534
-780592.4864011173
-805940.0276765642
-738035.1648983086
-757621.7115470491
-796105.0435799484
-766998.1979271825
-692924.6266510343
-779646.8537512287
-648268.0826487042
-859677.0814053494
-815182.597949348
-876243.2519111561
-809483.1881766904
-838099.1323189125
-753170.2173740889
-745648.7172680749
-851415.040158866
-798073.4123300905
-784635.7314478249
-761916.5824686135
-779561.9296433822
-691259.3080306614
-725968.8428217586
-781118.6695165172
-764720.1356499778
-683727.1369091945
-833921.9546592773
-773611.8248499657
-786820.4731923646
-776951.1039178995
-801630.9329134442
-711904.7754842559
-756388.1840428617
-809729.0703987696
-773118.8988360784
-849352.2044510206
-874371.9337774925
-777355.6245987994
-771831.0983195608
-867365.7859130538
-785091.9668070391
-725893.1459715483
-910220.4922476403
-921306.43487031
-825256.6247520256
-865918.5731354755
-813892.5742479309
-779619.4467103326
-807816.8450811785
-803193.9522389952
-600818.9627842573
-737334.2732814356
-781172.5411097995
-871689.8602933169
-818187.9161066696
-758776.9144794017
-775585.499165
-828768.936078824
-766915.6309021441
-877563.1288643968
-796861.7140449446
-727356.7480704713
-866897.3568021636
-738018.2060573522
-789970.8472041046
-909644.4517303351
-636089.5355196048
-877659.5324554878
-885513.9965700661
-742559.1185373755
-764849.7871659312
-775666.0105832726
-884769.2786241886
-684617.8862479598
-821082.7613691259
-758212.7358738466
-747976.7214897338
-757631.3684361299
-729067.1475245479
-855473.2654562154
-835529.3882888851
-752896.1628757627
-902091.9828528591
-865558.4574853337
-829471.1993899806
-852682.7744247477
-812643.8990895211
-830853.5101371758
-890486.9028652484
-740352.1648307908
-668085.3565292667
-761460.2835575256
-655037.8122230899
-734619.2838768552
-909386.7828799302
-809944.3116127511
-824233.9266818889
-797994.2909140978
-767294.5189920196
-756634.2102779294
-714737.3425244307
-693809.6350662564
-707162.0847960581
-746126.3172371733
-829527.1232816366
-677954.7716877926
-669562.0859799942
-822281.1150956253
-887702.1228277956
-805268.0721389259
-830032.0143997234
-748808.1524905915
-780973.9539887594
-838750.1715053922
-810188.6668529015
-838386.3184547606
-796957.2841894177
-798582.049144181
-723473.482200799
-709637.1362565596
-899068.1115049267
-812158.1039909226
-792699.6706729484
-862464.9099710799
-725151.6931569037
-810361.9978322296
-759805.8667859791
-720250.040225394
-797554.9193925749
-777882.5123128181
-804641.4080110864
-757303.9509383242
-782914.6892708741
-663555.1176574759
-855545.913423115
-826039.6975699761
-834714.1556162001
-771496.2440913927
-929052.8710265242
-822252.6899170007
-804664.7286739198
-750763.0113016668
-747889.4735670318
-722538.7983443295
-731439.0991773041
-806667.2249077504
-622312.7149720357
-707631.7563539514
-647997.1996104207
-840971.7244962897
-807736.8484696241
-751480.471733316
-882907.4354725871
-801244.8430166064
-732731.1018408707
-757715.024987059
-757352.2078990194
-447485.35677614517
-831002.6092754223
-772879.4187950592
-875648.474099874
-765680.0039123178
-823102.0720730154
-842869.2366461483
-966984.5665699075
-791438.3068389897
-812473.1805163717
-835588.9262196211
-675137.4778537875
-817856.2196410546
-702183.776668239
-767497.261908609
-823583.6250666727
-857570.0277309973
-788244.3819904282
-670926.6388395623
-797533.2023793416
-821998.0703665789
-833030.6095268901
-838835.3110895222
-818062.7752351104
-795033.8126123192
-669639.2355581514
-864300.3603543751
-864658.6057181014
-707645.4664313104
-835953.6153158224
-772724.1315596593
-828635.5016096315
-783551.195575479
-808382.5582424565
-728396.2266764779
-763009.4238613007
-831429.2464987938
-817081.9862304184
-708102.777918262
-738073.3298111453
-922377.182937044
-747944.9153312673
-859517.3674676297
-777761.1595490598
-846653.032400151
-727592.2448860075
-991758.4012131478
-817483.7330359143
-802369.7872003246
-768580.2654952044
-725224.0420553841
-804398.3665527774
-807610.8495024982
-802899.2433752539
-830190.1639542887
-880471.48210234
-852716.7214661554
-740982.9076363177
-715316.2317502501
-782975.0516566071
-685637.0307076443
-807916.5289750315
-723445.7996351254
-776657.5813926219
-896359.4486033622
-848942.9193969575
-799279.2902439389
-691439.5975973533
-700326.678311384
-835978.9137584451
-816237.9842289827
-933434.1669660999
-744470.5735097697
-799638.3602567298
-565730.26945971
-881335.8542683113
-727598.4565248641
-781554.4482854089
-857605.6219709917
-830971.2803973136
-810224.8847141312
-740152.3726573071
-747175.8073989792
-748130.821903225
-720665.8588146801
-793084.7358712148
-751827.5995058478
-722021.0366165561
-701254.9268441692
-765146.1809218487
-833729.4962984893
-819895.68031219
-812610.5087222967
-760769.6045370596
-912917.6570401354
-728414.6921032427
-827507.7950220909
-868784.8512542802
-744813.0301610843
-719664.1859406285
-734714.0801307379
-822586.6591212767
-790547.0968778683
-838115.1724114149
-871014.0409043534
-742613.7264988818
-900459.0376294951
-820763.0688290396
-861355.8595389777
-818989.0756749692
-925991.8907397579
-826844.3416202599
-879904.6425640916
-873939.7319122344
-766097.9594467422
-889677.501413141
-757530.279533739
-811984.0265662167
-758823.9864003024
-667803.9143473641
-882376.2430003844
-789590.5644990557
-825515.2993646272
-807302.7319197274
-816893.6067428801
-861799.2409614882
-866276.8809024182
-730597.3296413899
-705032.7759943204
-831037.8793069489
-719560.576790358
-768885.2271203119
-732527.2588315043
-891362.3610378434
-763025.0829203147
-814736.8917389715
-778268.5797999793
-728218.358747968
-845670.8708384897
-838105.9503394214
-756876.7790303234
-772483.0092038674
-754147.0981748835
-761896.8151157402
-821101.4186287997
-733280.0409876335
-686643.5183079994
-892713.8051328145
-787553.3957721622
-814254.1130295709
-822246.3166698067
-712564.9093187907
-923707.1291354661
-769986.9278113302
-674431.3227421452
-884066.224647525
-668120.3966449845
-647943.8957010704
-822204.5236443032
-793958.3529231205
-788682.8028672354
-807192.2993895985
-826399.4793992747
-781244.5217304733
-747478.246314234
-862342.5873720441
-769544.4231760605
-703528.3114333171
-857695.6352095294
-862554.5551262766
-857124.8631777755
-723499.6117523499
-836747.2175036396
-747001.9506530903
-775860.7963756057
-773086.5676224505
-892735.2663630147
-803790.788240716
-781612.3556582496
-709575.0682189518
-774763.9144589346
-710282.0096421096
-878911.0134394917
-821571.5968282386
-773810.8637266421
-883584.4025908419
-658347.1086505626
-795502.3805317811
-708849.6340199228
-848837.9095796801
-790378.4741949108
-936301.894896711
-783443.4685821105
-694991.0695258074
-850337.8524791751
-639460.6156384835
-834781.4028116758
-950476.0685000296
-838180.6476519561
-629668.4224554386
-813438.6525522346
-703212.6627958405
-915614.028735783
-688190.505568893
-772166.244456966
-780824.7526772288
-770780.8522444284
-780395.9961011885
-829043.0670409747
-805474.6201170888
-790887.4106259504
-753183.857739446
-737565.1224683298
-887408.4655467728
-665485.9773354114
-831576.0620918737
-885092.6208930124
-773382.9866555408
-833888.9451939812
-763645.6746722094
-817045.9474148389
-812785.6128319425
-745115.456627531
-800128.0621571523
-731321.5523034995
-888914.5492430587
-913789.9226346223
-775801.8542820318
-759983.2807743127
-742108.8919049284
-755245.2537353869
-800907.069656148
-801479.4420881987
-601447.6349003993
-710019.9727980524
-797816.5555805773
-802020.288963036
-694639.4725085534
-880645.3995914333
-774200.3897656619
-763730.2734077292
-750432.4631362932
-604972.4087068752
-825331.8524934017
-758009.9362900837
-931333.1322773002
-746394.0003753802
-896583.3015277209
-801564.1014356009
-745688.0981378055
-755346.9323372504
-798666.0510034891
-731601.7058495935
-927608.4723173305
-743600.3084232509
-779454.718621257
-789973.7093820556
-768114.1907318747
-722969.6210577349
-751621.3743893302
-778943.4361373928
-688782.5537369297
-800220.3394752558
-859026.3233388814
-647163.3308840616
-833604.4985465213
-719197.1173599528
-759116.6199283793
-883053.8022334352
-889366.2491223139
-810926.9090037427
-770572.7987355952
-893094.5282429667
-874290.9099371762
-816959.1020765348
-910143.9407926218
-764129.2654486992
-870493.9032054958
-741645.2081183756
-814486.7502230393
-817937.4679021402
-800309.3123762943
-733448.3442217722
-750802.6388209912
-716098.2058745807
-774733.5575137285
-772173.2852384808
-826747.4781591838
-830630.1466925131
-750406.0803714116
-688283.3037386975
-816512.490216469
-748694.9847702202
-748021.0175963512
-810315.2640217685
-848449.7315201865
-853603.0022642232
-857846.6711811272
-882927.142749075
-835462.5227865191
-870495.2362328025
-670389.4212405102
-639746.0355807587
