0.0
666876.0698695553
858910.6110785834
375666.0848264606
562255.1970668521
386709.58205373987
535242.0167890961
696397.454079968
518801.63025053975
424398.98322136136
314340.7675676958
214872.99250511022
158741.9348358569
222010.2588899791
187184.62147597157
139915.7933490457
99361.89258229334
54954.142931284696
19537.370374379796
-6778.321163045258
-16587.418444733186
-47115.75280018319
-69267.08624348868
-93879.53998943653
-113117.40886958638
-129560.74181818798
-138105.03810052446
-162640.00766323318
-113897.5946105485
-128619.18260243734
-146991.1279375151
-157988.4714055132
-173422.43536248515
-120945.49627593682
-131390.59830718706
-88560.89554023226
-97708.99294015327
-104314.13076498485
-120129.4925911617
-137794.67923847222
-146348.45368423665
-148462.7159031862
-152145.1922239358
-159902.91352653422
-173872.67489147547
-135702.6996982121
-148290.3123890595
-153693.75797962275
-165836.3462522439
-178497.40303648636
-189766.93197434233
-197743.06583765248
-209902.735413415
-214606.5376150683
-219457.89686171038
-228862.29712010626
-237952.86892624423
-247068.80540168253
-252708.3682957564
-252907.153181953
-258953.30866567077
-258937.92286138606
-266775.0018672631
-274423.3623918298
-276272.1506295956
-250676.5430943439
-252773.09015469026
-256092.42358709883
-257087.8663027261
-260578.45421211843
-267644.5166887408
-273514.23702501063
-254397.4789306167
-262893.3757589855
-270593.38287857716
-250490.32824772105
-251572.72571749406
-254046.04796684693
-259528.66131883912
-266086.9985233856
-271744.32056678605
-277274.9210936453
-282539.99046171166
-282439.5143344617
-283646.3990031498
-288808.60601559846
-293517.450273977
-295133.6518549222
-300323.793050697
-304201.77094873384
-306324.2734042775
-310877.130279237
-311807.20415299514
-312881.2781383171
-314910.93639183685
-318708.65754201997
-320659.58505917265
-325316.9570759692
-329328.19089603605
-329368.2696959068
-332713.04922874
-331766.4894506394
-333442.48049270245
-337201.3014565659
-341023.80156376655
-342167.74010956474
-343409.60023369646
-344455.0831087248
-346534.0510521765
-345731.39794662135
-347478.4437050394
-350588.13280778757
-353256.0666693538
-354876.4543048716
-356263.14889410173
-358311.22852175665
-360759.29855775455
-360513.5845790657
-364389.45699431974
-351254.1771461742
-353911.6087380807
-356301.1570660493
-359085.6078336387
-358047.6930625392
-359814.5885112896
-360708.5803835973
-361199.584059715
-361061.3387201327
-364090.96697656234
-364701.7162007406
-352668.79823573533
-337880.20398598444
-340631.51229620154
-341027.9273809531
-343996.0517012284
-345314.04967443936
-347223.939796955
-336299.11991173186
-339365.82917522994
-340224.1671215829
-342653.0939274125
-345558.71364620765
-345693.24103881104
-343276.811521596
-344079.2872744905
-346588.9133850123
-347323.80635836197
-349768.39975076704
-348364.1213698473
-348410.0299505451
-351234.727322954
-353858.93302771804
-356076.7174308675
-358173.88378594886
-360251.50810625113
-361245.8680367552
-352182.34041483304
-354517.781822354
-354865.70041950175
-356375.1239319058
-359110.31944366853
-359615.8014089802
-359903.02297896886
-361546.4301880878
-360970.3672298236
-352688.4742028249
-353878.24404328014
-353206.0427823886
-355310.7462178349
-357423.6431973757
-359273.5324596424
-360494.93448807567
-362396.98157371575
-363129.03286717454
-364821.321509729
-366802.6852342833
-368902.2039187201
-369466.0986379006
-371884.4123738126
-373721.306938061
-364344.77811822575
-366031.7409681259
-357997.33044012415
-349851.600660444
-350895.1193399762
-352387.15212890285
-353405.6767466805
-355394.6260788957
-355678.49246355926
-345629.51790398767
-345910.0279382642
-348084.9595294755
-349005.0612335459
-351045.6531735207
-352899.45679727057
-343016.8363287205
-343979.8512588355
-345782.10260200506
-346384.3849937258
-346875.33226383146
-347641.5492262925
-348439.1217832939
-349306.8290602633
-349529.9451883615
-350268.1103727731
-351000.5376484498
-343987.0579764409
-345843.37898515235
-346647.9401721775
-348663.74898554955
-350465.30579055526
-350431.1768913663
-352128.99064401194
-352856.8922702356
-354408.3076880962
-356016.060835592
-357915.80924045667
-359807.1002122354
-352962.06148168026
-354921.7739333057
-354818.74974001624
-355152.0812403448
-357024.9865518288
-358720.41817990836
-353039.11405587336
-353532.24976289796
-354102.09005436004
-355928.02088934835
-357610.62585366785
-359645.27497039223
-361373.86314731516
-362943.4145182326
-363541.8564701635
-364812.637210616
-365393.1645698505
-365796.38986288954
-358878.93546718446
-360701.8489232858
-362396.75236917805
-361908.88921437395
-363287.62630981224
-363340.32749433455
-363561.614322377
-365381.4725676056
-366088.43150011316
-360121.44162563834
-361177.63394981634
-355199.6623908965
-354636.87233555666
-355214.3520654341
-355570.9906855977
-357111.6893197189
-358612.66527429264
-359847.0826605498
-361202.0089155424
-361058.4624130052
-361259.97863816895
-361464.7205976079
-362795.32079654274
-364157.0290996279
-365578.31893199746
-366188.80851475574
-367691.1363648726
-368277.715493495
-369575.69190355355
-369787.74969714496
-364348.1482915853
-365559.28380939376
-365967.35795005015
-367150.71058470797
-367891.91905106517
-368875.3496665881
-362667.3910608947
-363298.06699257286
-364064.7769730842
-365226.8345086603
-366436.50881571893
-367645.4727245999
-368041.5696544623
-368651.64887403976
-368508.41204986186
-369764.9965076037
-371275.1209054185
-371954.85582222586
-373165.7610814111
-374694.4830757666
-369563.72070269054
-364135.446583029
-363634.8866075296
-364868.78097115323
-364922.6240388898
-365903.70130490477
-367124.0389100138
-368364.598080214
-362332.6664233899
-363652.63811559154
-363841.864764329
-365094.8963763127
-366227.23295469175
-367446.5528356999
-368489.3917157737
-368683.6229875694
-363860.8017088228
-364083.47672414297
-364022.4588473495
-364943.18509179493
-365340.2457333171
-366783.83187814656
-368250.625857713
-369420.3109280415
-370180.0640292135
-368849.8623475425
-368544.3091285653
-368793.2612958564
-369779.4240884118
-370988.66665954876
-372197.96415018843
-372159.5384556307
-372567.94806455984
-372984.95251522155
-373940.70038341894
-374764.32004437456
-375846.6726276691
-376867.66472418647
-377795.47417203593
-378831.22601069533
-378982.83306503156
-379582.67753279133
-380315.3599916295
-380619.99827821914
-381140.6963067171
-382044.49317021284
-383048.48018674663
-378912.9839608132
-379891.25817923486
-375355.9292839329
-376399.44754939777
-377254.5444180506
-378101.6283921934
-379303.4772911945
-379395.38719087857
-380266.94454564445
-380895.6185690922
-381390.7937275782
-381810.9421701615
-381922.1590061404
-382229.1041301475
-383289.6396967704
-384382.3984462219
-385301.3170949658
-380464.2102405753
-376156.4851423106
-376734.31355709216
-376348.3960184277
-372082.2124602809
-373051.6448940043
-373714.5443068158
-373427.172867674
-374342.28655112325
-374055.1008402829
-375150.8260303003
-376025.4317409354
-371912.11259942455
-372140.3906673027
-373252.08678445005
-373970.49653455213
-374306.0910751032
-374029.24547944975
-370289.8809730612
-371157.9209569307
-371189.0273907225
-366905.52038877737
-367125.5300657556
-367392.4403838953
-367817.6475878688
-367057.331936129
-366853.798621923
-366084.24092424754
-366928.9928093297
-366834.302578006
-367475.28893538547
-367601.78767489037
-367846.65021821344
-368844.420557644
-369373.7519183539
-369486.7283388301
-369616.2302116749
-369879.4325433887
-370865.3635432241
-371200.9208536942
-372326.4621383684
-373094.19138647337
-373110.2289755858
-373071.5707505278
-372623.89000040904
-372321.8628961247
-373449.5472173309
-374253.94499396195
-375097.25142785837
-375823.69784254365
-376727.56674611336
-377745.92148357315
-378367.403698239
-379243.02378258365
-380166.3846040881
-379850.5916348756
-380261.1278724102
-380729.19722409954
-381175.5238009189
-381269.81740623823
-382383.8431114084
-383227.51534616656
-383635.6110937151
-384335.742953304
-384732.85234474373
-384944.3918521906
-380735.0251952397
-381003.1844365077
-382078.9987064461
-382341.78786249255
-378775.5958820861
-379961.4708238719
-380737.38566599425
-381469.9360563744
-381585.149706621
-381280.4454892851
-381631.156919231
-382495.86430821323
-382864.1357950613
-378937.6711452041
-379763.47167433286
-380126.9028312223
-380482.9353998394
-380818.1045280906
-380387.7209486113
-380594.50128151756
-381372.3934832777
-377537.84975630837
-378220.5609085827
-379033.98190352943
-375685.6950617259
-371836.0852971118
-368308.44126805715
-368612.3228481176
-369307.07288186037
-369566.9194437055
-370416.24477169954
-371250.27871254174
-372205.59455564705
-373090.41824730625
-372759.58004775894
-372731.60884118685
-373448.1019681265
-373560.9619839495
-373716.08878995664
-373990.67160111904
-374207.3044417373
-374771.8809011862
-371288.4923303292
-367683.0438063396
-363889.40229668684
-364057.7691971485
-363867.93592792685
-363984.84929603
-360616.3382602461
-360988.51695895125
-361624.039487862
-362189.29558606946
-362353.82554556115
-362712.5762966975
-363523.1772989558
-359891.45969575003
-360081.6418065347
-360864.3661522562
-357072.27211208834
-357451.58327572467
-357586.69631046476
-358290.2295367089
-358993.588839242
-359154.5391601546
-359091.51228956605
-360061.2878385142
-360343.9736003832
-356709.5209726239
-356821.9103379937
-357406.4846995966
-358110.6747973242
-358200.4165181968
-358206.22249511245
-358911.07911249716
-359736.99710790813
-360459.6907147634
-360749.1731890879
-360465.6898224529
-361002.0942974103
-361271.9455364725
-361866.5645191103
-362035.39875005704
-359018.5973839421
-359464.12652704853
