V1,V2,V3,V4,V5,V6,V7,V8,V9,V10
0,253745.05767698222,-0.174,,0,2,1,3,1,
1,271759.8287207661,-0.17,,3,6,5,3,1,
1,256942.91112099748,-0.164,,4,3,0,3,2,
1,257306.0218144795,-0.166,,5,1,1,3,1,
2,276367.43324490194,-0.156,,1,6,3,5,0,
2,278234.9319525985,-0.162,,0,6,1,0,1,
2,280983.8488338483,-0.164,,2,6,3,2,3,
3,279013.3030080271,-0.16,,5,4,2,1,3,
3,302361.4849292064,-0.164,,4,1,5,4,6,
3,281175.21419099986,-0.162,,0,6,3,3,5,
4,279029.4288409092,-0.154,,0,3,0,5,6,
4,288873.53984272806,-0.162,,1,4,1,3,1,
4,282488.9103177819,-0.16,,0,2,3,3,4,
5,292589.92633466015,-0.162,,3,3,5,4,2,
5,284784.561344493,-0.16,,0,3,0,5,1,
6,285044.1147567242,-0.158,,1,6,3,2,3,
6,287612.9838825718,-0.16,,3,6,1,2,5,
7,286090.5412867786,-0.158,,1,6,3,2,3,
7,285410.5839415466,-0.156,,5,4,2,6,2,
8,294482.91120002366,-0.158,,2,6,4,1,5,
8,287787.07732147374,-0.156,,1,0,1,3,6,
9,302547.5838530547,-0.158,,3,6,5,2,4,
9,291579.5944210839,-0.156,,0,6,3,6,6,
9,290286.3763102352,-0.152,,4,3,0,3,2,
9,291210.7515381212,-0.154,,0,6,3,3,2,
10,296452.85608872474,-0.156,,1,6,3,3,2,
10,292372.88888833224,-0.15,,4,6,3,3,4,
10,294056.668715492,-0.152,,0,4,3,0,3,
10,291528.0335093032,-0.146,,1,6,3,2,3,
11,310447.3228012951,-0.156,,3,6,5,2,4,
11,297773.39446290885,-0.154,,4,6,5,3,1,
11,292549.6136228072,-0.148,,0,2,1,4,1,
11,294328.6537129902,-0.152,,5,5,3,0,3,
12,316670.56307716016,-0.156,,3,6,5,4,1,
12,299386.994896674,-0.154,,4,3,0,5,2,
12,295928.0238889448,-0.152,,5,4,2,6,2,
12,295520.6317558885,-0.148,,3,4,2,6,2,
13,317352.4102583685,-0.156,,4,4,4,6,2,
13,315443.29530466394,-0.154,,4,3,5,3,1,
13,296514.9003439671,-0.152,,5,5,3,3,2,
13,295835.63269652246,-0.148,,5,5,3,5,2,
14,317938.13659443636,-0.154,,0,2,5,6,4,
14,298603.85327330726,-0.15,,4,5,2,6,2,
14,299322.921130916,-0.152,,1,6,0,3,5,
14,296832.57088533236,-0.148,,4,6,3,1,0,
15,298712.31436605426,-0.15,,1,0,1,3,1,
15,300128.0558520992,-0.152,,0,6,3,3,1,
15,298492.5138401703,-0.146,,1,0,1,6,4,
16,300280.1066881839,-0.152,,0,3,3,4,4,
16,298951.3430828502,-0.146,,2,5,3,0,5,
