V1,V2,V3,V4,V5,V6,V7,V8,V9,V10
0,278961.7380547399,-0.17,,5,6,6,1,1,
0,271841.8621459148,-0.166,,5,6,6,2,5,
1,274188.9401535647,-0.162,,5,4,6,1,5,
1,298602.8008987793,-0.164,,2,1,1,0,2,
2,280383.37122831773,-0.162,,5,6,6,6,5,
2,298768.4896299725,-0.164,,2,1,3,4,0,
3,286454.0703433733,-0.156,,0,6,6,1,5,
3,292824.9798029712,-0.162,,5,6,1,1,1,
3,286126.48746020644,-0.152,,5,6,6,1,5,
4,286609.6866396984,-0.156,,5,6,6,2,5,
4,295325.12279385596,-0.162,,1,6,4,0,2,
5,289657.75521458127,-0.154,,6,1,6,6,4,
5,289005.24027152936,-0.152,,2,3,6,5,2,
5,293216.3101286603,-0.156,,5,6,6,2,1,
5,298619.7308505635,-0.162,,2,3,1,1,2,
6,292027.9785934044,-0.154,,5,3,6,3,0,
6,289501.06168303156,-0.144,,5,3,6,1,5,
6,297556.9954926791,-0.156,,1,3,4,1,1,
6,302009.3077097538,-0.162,,6,3,3,3,2,
6,300759.2348954898,-0.158,,2,5,6,5,2,
7,292335.8486295789,-0.154,,5,6,6,2,5,
7,304534.3758568824,-0.158,,2,1,1,0,2,
8,295995.77927530906,-0.154,,5,6,6,2,2,
8,292524.0560938603,-0.152,,3,6,6,4,0,
8,306055.78973488597,-0.158,,4,3,4,5,1,
9,300268.1916867523,-0.154,,4,1,6,1,5,
9,292975.037066461,-0.15,,5,4,6,1,3,
9,293177.46214385756,-0.152,,2,4,6,1,3,
9,315512.1492270734,-0.158,,5,0,3,3,2,
10,310754.4844219436,-0.154,,2,1,1,0,2,
10,293374.3022850512,-0.146,,5,4,6,4,2,
10,295939.66648005316,-0.15,,5,3,6,5,5,
10,299379.9654551733,-0.152,,5,4,6,1,1,
10,315855.1146371266,-0.158,,2,1,3,4,0,
11,311771.34235232667,-0.154,,5,5,2,2,5,
11,296130.8515378343,-0.144,,5,6,6,2,5,
11,296774.4569718211,-0.146,,5,4,6,1,5,
11,299596.0759378752,-0.148,,5,5,6,1,6,
11,301496.01093624847,-0.152,,2,0,6,4,0,
11,301095.1595263952,-0.15,,0,5,6,5,2,
11,323010.77969800954,-0.156,,4,1,4,5,1,
12,315219.2111110213,-0.154,,1,3,4,1,1,
12,300595.3707083868,-0.148,,5,6,6,5,0,
12,302922.4415892842,-0.152,,5,2,6,2,5,
13,316975.7319951659,-0.154,,2,5,2,2,5,
13,301171.60027513123,-0.148,,5,6,6,2,5,
13,303133.86527824606,-0.152,,2,0,6,4,3,
14,336343.9518254941,-0.154,,5,3,4,5,1,
14,301322.9121676196,-0.148,,4,1,6,4,0,
14,305605.10341421457,-0.152,,5,6,6,2,5,
