V1,V2,V3,V4,V5,V6,V7,V8,V9,V10
0,253888.4293846533,-0.176,,2,1,6,2,1,
0,250995.35663868402,-0.174,,3,6,3,6,5,
0,243669.30708204402,-0.172,,5,3,6,2,6,
1,264666.5933429707,-0.174,,2,4,2,3,4,
1,262915.91792374273,-0.164,,5,0,3,0,6,
2,277719.1120899567,-0.166,,5,0,4,1,4,
2,265961.9655551317,-0.162,,5,3,6,2,3,
3,268722.1662202775,-0.156,,4,0,3,6,0,
3,270716.3488200067,-0.162,,0,1,5,2,5,
3,268177.116052292,-0.154,,1,6,3,6,5,
4,273854.5564108835,-0.16,,2,1,6,2,2,
4,287257.1828265494,-0.162,,2,1,6,2,6,
4,271685.64930511673,-0.154,,5,0,2,0,3,
5,277482.6935192863,-0.16,,2,5,6,5,2,
5,275585.0802416725,-0.158,,1,3,6,5,2,
6,283011.5174953071,-0.16,,5,0,4,6,3,
6,280424.40111811075,-0.158,,2,6,5,5,2,
6,280077.10551591346,-0.154,,6,1,4,5,4,
6,279343.39496461954,-0.15,,2,0,6,5,2,
7,295995.8813485842,-0.16,,2,1,6,2,2,
7,281186.67770900513,-0.156,,2,2,6,2,2,
7,286201.204291372,-0.158,,5,3,6,2,4,
8,283230.61648988386,-0.156,,5,2,1,1,1,
8,281699.2228430016,-0.142,,5,6,0,1,6,
8,296804.69395627925,-0.158,,2,4,2,3,5,
9,283512.6716177023,-0.154,,6,4,4,2,1,
10,288081.94395834755,-0.152,,2,1,6,2,6,
10,283749.6519889454,-0.148,,4,0,3,6,0,
10,292094.282091837,-0.154,,4,6,3,5,1,
11,288594.51417117205,-0.152,,5,0,4,3,2,
11,286738.6633738012,-0.146,,2,5,6,6,3,
11,288401.488139109,-0.148,,5,6,6,5,6,
11,296962.6363414043,-0.154,,4,0,5,6,0,
12,290901.30574069143,-0.152,,1,5,6,6,3,
12,288934.8272297209,-0.15,,1,5,6,5,2,
12,301662.23146631295,-0.154,,2,1,6,2,6,
13,292672.7204875647,-0.152,,4,0,3,6,0,
13,292322.9549764234,-0.148,,3,4,5,1,4,
13,290992.1548613835,-0.146,,2,4,2,1,4,
14,293824.8104737848,-0.15,,3,6,5,5,2,
14,294365.46548496047,-0.152,,4,6,5,5,2,
14,293047.9668734518,-0.148,,2,1,6,2,6,
14,291403.1130599446,-0.146,,2,6,2,2,6,
15,294816.8929466025,-0.152,,3,6,3,6,1,
15,294400.6057402964,-0.15,,5,0,4,6,6,
15,292406.3004100316,-0.144,,2,4,2,1,4,
15,293935.1236576951,-0.146,,2,5,6,5,2,
16,301444.6320052078,-0.152,,3,5,6,5,6,
16,292617.44728394126,-0.144,,5,6,3,6,0,
16,296522.9962040906,-0.15,,2,6,5,5,2,
